6slice,0,1094,0.000000
114.23,12.51,101.32
6slice,0,1501,0.000000
156.56,16.99,139.27
6slice,0,92,0.000000
10.64,1.09,9.47
6slice,0,859,0.000000
90.20,9.54,80.22
6slice,0,1230,0.000000
128.29,13.33,114.60
6slice,0,498,0.000000
52.48,5.65,46.71
6slice,0,470,0.000000
49.85,5.32,44.30
6slice,0,821,0.000000
83.81,6.93,76.37
6slice,0,97,0.000000
10.85,1.21,9.61
6slice,0,4070,0.000000
420.84,43.15,376.12
6slice,0,934,0.000000
97.21,9.83,87.09
6slice,0,1715,0.000000
177.35,18.23,158.72
6slice,0,2958,0.000000
306.41,32.01,273.46
6slice,0,209,0.000000
22.69,2.12,20.52
6slice,0,1133,0.000000
118.62,12.64,105.76
6slice,0,677,0.000000
71.17,7.45,63.46
6slice,0,648,0.000000
68.04,7.33,60.58
6slice,0,5,0.000000
1.67,0.33,1.31
6slice,0,1800,0.000000
187.64,19.41,167.43
6slice,0,70,0.000000
8.32,0.91,7.37
6slice,0,184,0.000000
20.18,2.23,17.87
6slice,0,2396,0.000000
249.62,26.15,222.49
6slice,0,1741,0.000000
181.81,18.65,162.64
6slice,0,403,0.000000
42.70,4.58,38.03
6slice,0,633,0.000000
66.17,6.79,59.12
6slice,0,1059,0.000000
108.62,9.85,98.59
6slice,0,107,0.000000
11.92,1.46,10.42
6slice,0,91,0.000000
10.00,0.96,9.00
6slice,0,467,0.000000
47.68,3.98,43.59
6slice,0,1490,0.000000
154.21,15.73,138.13
6slice,0,1262,0.000000
126.95,9.10,117.52
6slice,0,344,0.000000
36.35,4.13,32.11
6slice,0,296,0.000000
31.42,3.45,27.85
6slice,0,53,0.000000
6.33,0.69,5.62
6slice,0,182,0.000000
19.02,1.55,17.40
6slice,0,826,0.000000
85.98,8.94,76.80
6slice,0,562,0.000000
58.70,6.08,52.44
6slice,0,308,0.000000
32.56,3.28,29.21
6slice,0,1639,0.000000
169.33,17.07,151.98
6slice,0,23,0.000000
3.24,0.44,2.77
6slice,0,301,0.000000
31.90,3.12,28.63
6slice,0,15,0.000000
2.36,0.37,1.98
6slice,0,460,0.000000
48.29,5.16,43.00
6slice,0,1848,0.000000
191.69,19.41,171.71
6slice,0,54,0.000000
6.78,0.92,5.76
6slice,0,108,0.000000
12.07,1.07,10.91
6slice,0,214,0.000000
23.23,2.46,20.69
6slice,0,75,0.000000
8.84,1.10,7.69
6slice,0,1214,0.000000
125.16,11.26,113.54
6slice,0,428,0.000000
44.54,3.94,40.41
6slice,0,860,0.000000
90.15,9.22,80.72
6slice,0,1885,0.000000
196.11,20.33,175.40
6slice,0,91,0.000000
10.41,1.09,9.25
6slice,0,1041,0.000000
108.83,11.51,96.90
6slice,0,1178,0.000000
122.76,12.60,109.68
6slice,0,1377,0.000000
142.82,14.98,127.57
6slice,0,288,0.000000
30.91,3.57,27.26
6slice,0,161,0.000000
17.70,1.90,15.73
6slice,0,92,0.000000
10.78,1.08,9.54
6slice,0,1101,0.000000
115.30,12.04,102.93
6slice,0,228,0.000000
24.86,2.81,21.73
6slice,0,348,0.000000
37.02,3.84,33.10
6slice,0,136,0.000000
14.85,1.41,13.23
6slice,0,70,0.000000
8.25,0.85,7.35
6slice,0,1544,0.000000
160.87,16.51,144.00
6slice,0,444,0.000000
45.82,3.48,42.18
6slice,0,993,0.000000
103.37,10.67,92.47
6slice,0,377,0.000000
39.70,4.31,35.29
6slice,0,289,0.000000
30.69,3.13,27.47
6slice,0,833,0.000000
86.76,9.02,77.50
6slice,0,201,0.000000
21.48,2.30,19.15
6slice,0,395,0.000000
41.49,4.50,36.90
6slice,0,2299,0.000000
237.47,24.70,212.29
6slice,0,536,0.000000
55.92,5.85,49.96
6slice,0,1712,0.000000
176.78,18.48,157.81
6slice,0,2140,0.000000
215.29,15.75,198.83
6slice,0,35,0.000000
4.44,0.51,3.89
6slice,0,2739,0.000000
282.58,29.29,252.76
6slice,0,810,0.000000
84.21,8.57,75.34
6slice,0,223,0.000000
23.27,1.88,21.28
6slice,0,192,0.000000
20.61,1.86,18.70
6slice,0,898,0.000000
93.24,9.94,83.12
6slice,0,1147,0.000000
118.97,12.34,106.41
6slice,0,1777,0.000000
178.15,13.87,163.91
6slice,0,2353,0.000000
243.62,25.04,217.82
6slice,0,720,0.000000
75.29,7.92,67.07
6slice,0,492,0.000000
51.54,5.34,46.03
6slice,0,1185,0.000000
123.03,12.97,109.65
6slice,0,498,0.000000
52.12,5.54,46.42
6slice,0,3122,0.000000
322.79,32.98,288.84
6slice,0,477,0.000000
50.23,4.93,45.04
6slice,0,1547,0.000000
160.90,16.77,143.27
6slice,0,177,0.000000
19.08,2.10,16.93
6slice,0,657,0.000000
68.40,7.43,60.76
6slice,0,295,0.000000
31.39,3.25,27.89
6slice,0,2176,0.000000
225.28,22.92,201.75
6slice,0,164,0.000000
18.08,1.83,16.09
6slice,0,784,0.000000
82.38,8.63,73.50
6slice,0,288,0.000000
30.11,2.55,27.36
6slice,0,37,0.000000
4.88,0.72,4.12
6slice,0,648,0.000000
68.55,7.07,61.22
6slice,0,538,0.000000
56.97,6.23,50.31
6slice,0,1716,0.000000
178.99,18.71,159.71
6slice,0,798,0.000000
83.84,8.66,74.92
6slice,0,192,0.000000
20.54,2.07,18.38
6slice,0,7,0.000000
1.82,0.27,1.53
6slice,0,574,0.000000
60.70,6.37,54.12
6slice,0,466,0.000000
49.25,5.10,44.05
6slice,0,1030,0.000000
108.00,12.05,95.56
6slice,0,132,0.000000
14.87,1.67,13.16
6slice,0,757,0.000000
79.39,8.34,70.79
6slice,0,1476,0.000000
149.19,12.24,136.66
6slice,0,167,0.000000
18.35,2.11,16.18
6slice,0,39,0.000000
5.07,0.62,4.42
6slice,0,557,0.000000
58.81,6.30,52.19
6slice,0,844,0.000000
88.25,8.42,79.62
6slice,0,59,0.000000
7.22,0.82,6.35
6slice,0,321,0.000000
34.14,3.55,30.50
6slice,0,1761,0.000000
183.09,19.42,162.83
6slice,0,290,0.000000
31.09,3.28,27.74
6slice,0,2700,0.000000
277.20,25.29,250.85
6slice,0,606,0.000000
63.75,6.46,57.17
6slice,0,509,0.000000
53.81,5.54,48.09
6slice,0,1760,0.000000
183.78,17.95,165.05
6slice,0,167,0.000000
18.48,2.13,16.21
6slice,0,465,0.000000
49.49,5.25,43.89
6slice,0,1975,0.000000
205.27,22.23,182.64
6slice,0,92,0.000000
10.63,1.18,9.38
6slice,0,664,0.000000
67.86,5.67,61.96
6slice,0,476,0.000000
50.46,5.42,44.87
6slice,0,465,0.000000
47.88,3.61,44.12
6slice,0,258,0.000000
26.73,2.20,24.44
6slice,0,1048,0.000000
110.40,11.80,98.31
6slice,0,131,0.000000
14.53,1.56,12.83
6slice,0,776,0.000000
79.95,7.57,72.16
6slice,0,42,0.000000
5.28,0.67,4.58
6slice,0,476,0.000000
50.15,5.27,44.76
6slice,0,1003,0.000000
104.89,11.73,92.78
6slice,0,530,0.000000
55.73,6.13,49.47
6slice,0,125,0.000000
13.86,1.41,12.39
6slice,0,805,0.000000
84.39,8.54,75.57
6slice,0,645,0.000000
67.69,6.94,60.59
6slice,0,885,0.000000
92.09,9.14,82.77
6slice,0,977,0.000000
101.31,10.24,90.85
6slice,0,551,0.000000
55.98,4.04,51.75
6slice,0,716,0.000000
74.46,7.86,66.41
6slice,0,115,0.000000
12.50,1.19,11.24
6slice,0,118,0.000000
12.97,1.38,11.56
6slice,0,197,0.000000
21.09,2.01,19.02
6slice,0,782,0.000000
81.65,8.39,72.92
6slice,0,32,0.000000
4.04,0.48,3.55
6slice,0,2320,0.000000
239.77,25.20,214.09
6slice,0,741,0.000000
77.08,7.78,69.12
6slice,0,1256,0.000000
130.17,13.36,116.35
6slice,0,820,0.000000
83.44,7.25,75.88
6slice,0,162,0.000000
17.28,1.52,15.70
6slice,0,18,0.000000
2.67,0.27,2.38
6slice,0,1191,0.000000
123.19,12.66,110.31
6slice,0,1193,0.000000
123.59,12.45,110.91
6slice,0,1436,0.000000
148.85,15.64,132.69
6slice,0,715,0.000000
73.58,6.36,67.02
6slice,0,1250,0.000000
126.87,10.60,115.86
6slice,0,172,0.000000
18.12,1.38,16.69
6slice,0,2427,0.000000
250.86,25.95,224.15
6slice,0,471,0.000000
48.08,4.00,43.94
6slice,0,266,0.000000
27.45,2.64,24.72
6slice,0,17,0.000000
2.59,0.35,2.21
6slice,0,709,0.000000
73.86,7.65,66.06
6slice,0,1131,0.000000
117.56,12.04,104.94
6slice,0,92,0.000000
10.14,0.91,9.12
6slice,0,624,0.000000
63.74,5.38,58.24
6slice,0,30,0.000000
3.86,0.38,3.47
6slice,0,793,0.000000
82.73,8.62,73.81
6slice,0,140,0.000000
15.21,1.33,13.85
6slice,0,749,0.000000
77.99,8.15,69.44
6slice,0,439,0.000000
45.95,4.71,41.15
6slice,0,309,0.000000
32.59,3.33,29.16
6slice,0,1550,0.000000
160.45,16.22,143.77
6slice,0,609,0.000000
64.06,6.65,57.22
6slice,0,1978,0.000000
205.85,21.28,184.00
6slice,0,406,0.000000
42.11,3.84,38.15
6slice,0,2823,0.000000
293.03,30.83,261.67
6slice,0,585,0.000000
61.02,6.61,54.27
6slice,0,1943,0.000000
201.11,20.88,179.54
6slice,0,150,0.000000
16.34,1.76,14.48
6slice,0,1124,0.000000
116.58,12.34,103.88
6slice,0,212,0.000000
22.81,2.24,20.46
6slice,0,262,0.000000
27.84,3.12,24.62
6slice,0,633,0.000000
64.65,5.46,58.95
6slice,0,865,0.000000
89.95,9.21,80.45
6slice,0,1281,0.000000
131.45,11.50,119.36
6slice,0,693,0.000000
72.20,7.37,64.65
6slice,0,1503,0.000000
155.58,15.99,139.10
6slice,0,728,0.000000
75.77,7.21,68.34
6slice,0,152,0.000000
16.47,1.62,14.79
6slice,0,671,0.000000
67.97,4.95,62.82
6slice,0,196,0.000000
21.05,2.16,18.82
6slice,0,106,0.000000
11.42,1.14,10.25
6slice,0,834,0.000000
84.42,6.66,77.49
6slice,0,1054,0.000000
109.59,11.80,97.53
6slice,0,461,0.000000
48.26,5.16,42.96
6slice,0,4087,0.000000
421.87,43.87,376.80
6slice,0,1020,0.000000
102.61,8.24,94.18
6slice,0,207,0.000000
22.18,2.26,19.84
6slice,0,796,0.000000
82.69,8.56,73.92
6slice,0,323,0.000000
33.23,2.92,30.21
6slice,0,1151,0.000000
119.48,12.24,106.89
6slice,0,306,0.000000
32.39,3.46,28.84
6slice,0,245,0.000000
26.25,2.71,23.27
6slice,0,504,0.000000
53.02,5.71,47.07
6slice,0,461,0.000000
48.41,5.22,43.03
6slice,0,618,0.000000
64.55,6.67,57.70
6slice,0,96,0.000000
10.70,1.30,9.38
6slice,0,516,0.000000
53.87,5.71,48.06
6slice,0,1671,0.000000
172.85,18.20,154.25
6slice,0,2007,0.000000
207.63,21.75,185.28
6slice,0,284,0.000000
30.09,3.24,26.75
6slice,0,792,0.000000
82.27,8.28,73.83
6slice,0,1029,0.000000
106.85,10.99,95.67
6slice,0,22,0.000000
3.11,0.34,2.74
6slice,0,242,0.000000
25.76,2.83,22.84
6slice,0,81,0.000000
9.20,0.93,8.22
6slice,0,1944,0.000000
200.79,20.75,179.66
6slice,0,1119,0.000000
116.25,11.69,104.12
6slice,0,1715,0.000000
177.24,18.00,158.88
6slice,0,432,0.000000
45.30,4.84,40.38
6slice,0,485,0.000000
50.85,5.00,45.67
6slice,0,2515,0.000000
260.41,26.66,232.85
6slice,0,1590,0.000000
165.42,17.15,147.51
6slice,0,805,0.000000
83.64,8.57,74.79
6slice,0,1644,0.000000
169.93,17.00,152.46
6slice,0,331,0.000000
34.85,3.76,30.99
6slice,0,99,0.000000
11.15,1.29,9.74
6slice,0,181,0.000000
19.46,1.87,17.52
6slice,0,165,0.000000
17.93,2.03,15.76
6slice,0,6,0.000000
1.52,0.22,1.28
6slice,0,1367,0.000000
137.81,10.10,127.34
6slice,0,639,0.000000
66.60,6.26,60.20
6slice,0,1396,0.000000
142.39,11.74,130.19
6slice,0,443,0.000000
46.99,5.22,41.62
6slice,0,566,0.000000
59.61,6.52,52.95
6slice,0,858,0.000000
89.88,9.43,80.25
6slice,0,1481,0.000000
154.90,15.87,138.50
6slice,0,160,0.000000
17.71,2.23,15.40
6slice,0,1131,0.000000
118.25,11.75,106.11
6slice,0,128,0.000000
13.75,1.15,12.54
6slice,0,1327,0.000000
137.82,13.94,123.46
6slice,0,207,0.000000
22.51,2.40,20.04
6slice,0,1708,0.000000
177.42,18.23,158.81
6slice,0,9,0.000000
1.98,0.24,1.73
6slice,0,68,0.000000
8.07,0.98,7.08
6slice,0,315,0.000000
33.68,3.43,30.16
6slice,0,231,0.000000
25.00,2.61,22.33
6slice,0,448,0.000000
47.33,5.05,42.19
6slice,0,2495,0.000000
259.51,27.42,231.14
6slice,0,1867,0.000000
188.10,14.78,172.48
6slice,0,518,0.000000
54.17,5.81,48.18
6slice,0,374,0.000000
39.37,3.83,35.44
6slice,0,44,0.000000
5.46,0.60,4.78
6slice,0,44,0.000000
5.34,0.59,4.73
6slice,0,149,0.000000
16.17,1.69,14.44
6slice,0,957,0.000000
99.40,9.91,89.25
6slice,0,3470,0.000000
359.55,36.90,321.93
6slice,0,1800,0.000000
186.54,18.65,167.07
6slice,0,1505,0.000000
151.05,12.00,138.80
6slice,0,1530,0.000000
158.19,17.05,140.82
6slice,0,114,0.000000
12.38,0.93,11.37
6slice,0,554,0.000000
58.42,5.79,52.13
6slice,0,198,0.000000
20.66,1.63,18.96
6slice,0,60,0.000000
7.04,0.80,6.22
6slice,0,347,0.000000
36.79,3.57,32.94
6slice,0,1044,0.000000
105.80,9.03,96.56
6slice,0,235,0.000000
25.09,2.72,22.28
6slice,0,2131,0.000000
220.50,23.01,196.74
6slice,0,1076,0.000000
112.02,11.93,99.58
6slice,0,469,0.000000
49.26,5.13,43.99
6slice,0,3065,0.000000
315.90,33.04,282.24
6slice,0,126,0.000000
13.81,1.53,12.25
6slice,0,18,0.000000
2.68,0.33,2.33
6slice,0,486,0.000000
49.79,4.45,45.23
6slice,0,923,0.000000
93.71,8.14,85.40
6slice,0,107,0.000000
11.91,1.38,10.48
6slice,0,580,0.000000
59.26,4.98,54.15
6slice,0,446,0.000000
46.73,5.12,41.53
6slice,0,1539,0.000000
155.30,11.28,143.06
6slice,0,1070,0.000000
111.47,11.91,99.14
6slice,0,260,0.000000
27.66,3.04,24.56
6slice,0,40,0.000000
4.84,0.61,4.22
6slice,0,451,0.000000
47.15,4.81,42.24
6slice,0,22,0.000000
3.11,0.36,2.72
6slice,0,1332,0.000000
137.89,14.35,123.30
6slice,0,781,0.000000
81.06,8.27,72.54
6slice,0,106,0.000000
11.84,1.28,10.53
6slice,0,931,0.000000
96.63,10.02,86.37
6slice,0,282,0.000000
29.85,2.76,27.04
6slice,0,440,0.000000
46.07,4.91,41.05
6slice,0,1652,0.000000
170.97,17.48,153.20
6slice,0,799,0.000000
83.02,8.59,74.25
6slice,0,128,0.000000
14.07,1.61,12.41
6slice,0,70,0.000000
8.09,0.90,7.14
5slice,0,217,0.000000
12.41,0.56,11.81
5slice,0,21,0.000000
1.97,0.25,1.71
5slice,0,51,0.000000
3.47,0.27,3.20
5slice,0,9,0.000000
1.28,0.22,1.06
5slice,0,71,0.000000
4.50,0.16,4.28
5slice,0,66,0.000000
4.39,0.32,4.01
5slice,0,34,0.000000
2.75,0.30,2.43
5slice,0,26,0.000000
2.16,0.25,1.89
5slice,0,88,0.000000
5.40,0.27,5.10
5slice,0,98,0.000000
6.11,0.24,5.75
5slice,0,113,0.000000
6.92,0.43,6.47
5slice,0,131,0.000000
7.63,0.26,7.32
5slice,0,70,0.000000
4.55,0.38,4.15
5slice,0,33,0.000000
2.70,0.29,2.38
5slice,0,6,0.000000
1.11,0.15,0.96
5slice,0,217,0.000000
12.52,0.83,11.61
5slice,0,4,0.000000
1.01,0.13,0.87
5slice,0,85,0.000000
5.28,0.32,4.94
5slice,0,8,0.000000
1.23,0.17,1.04
5slice,0,117,0.000000
6.97,0.41,6.53
5slice,0,71,0.000000
4.75,0.38,4.34
5slice,0,78,0.000000
4.94,0.34,4.58
5slice,0,14,0.000000
1.53,0.20,1.32
5slice,0,118,0.000000
7.19,0.56,6.56
5slice,0,131,0.000000
7.82,0.61,7.17
5slice,0,49,0.000000
3.40,0.33,3.02
5slice,0,66,0.000000
4.33,0.30,4.02
5slice,0,135,0.000000
8.14,0.55,7.54
5slice,0,4,0.000000
1.01,0.15,0.85
5slice,0,10,0.000000
1.32,0.14,1.17
5slice,0,343,0.000000
18.69,0.51,18.09
5slice,0,9,0.000000
1.28,0.17,1.11
5slice,0,22,0.000000
1.98,0.16,1.80
5slice,0,126,0.000000
7.63,0.51,7.03
5slice,0,71,0.000000
4.69,0.36,4.28
5slice,0,217,0.000000
12.58,0.96,11.48
5slice,0,111,0.000000
6.75,0.41,6.31
5slice,0,143,0.000000
8.45,0.54,7.85
5slice,0,335,0.000000
18.40,0.65,17.67
5slice,0,72,0.000000
4.56,0.22,4.30
5slice,0,20,0.000000
1.84,0.18,1.64
5slice,0,194,0.000000
11.02,0.30,10.64
5slice,0,29,0.000000
2.38,0.21,2.16
5slice,0,18,0.000000
1.80,0.25,1.52
5slice,0,125,0.000000
7.47,0.52,6.94
5slice,0,74,0.000000
4.71,0.32,4.38
5slice,0,59,0.000000
3.96,0.26,3.68
5slice,0,174,0.000000
10.24,0.52,9.68
5slice,0,134,0.000000
8.10,0.51,7.56
5slice,0,90,0.000000
5.61,0.50,5.08
5slice,0,3,0.000000
0.95,0.25,0.69
5slice,0,95,0.000000
6.07,0.41,5.61
5slice,0,602,0.000000
32.12,0.78,31.22
5slice,0,80,0.000000
5.09,0.34,4.73
5slice,0,169,0.000000
9.77,0.42,9.31
5slice,0,67,0.000000
4.38,0.40,3.97
5slice,0,18,0.000000
1.77,0.20,1.56
5slice,0,67,0.000000
4.40,0.38,3.97
5slice,0,83,0.000000
5.33,0.41,4.89
5slice,0,4,0.000000
1.02,0.21,0.81
5slice,0,48,0.000000
3.33,0.31,2.99
5slice,0,26,0.000000
2.19,0.15,2.03
5slice,0,149,0.000000
8.78,0.59,8.17
5slice,0,40,0.000000
2.95,0.28,2.66
5slice,0,265,0.000000
14.94,0.87,14.00
5slice,0,224,0.000000
12.59,0.44,12.08
5slice,0,424,0.000000
23.42,1.32,22.00
5slice,0,193,0.000000
10.80,0.39,10.37
5slice,0,91,0.000000
5.70,0.37,5.31
5slice,0,152,0.000000
8.79,0.37,8.38
5slice,0,15,0.000000
1.68,0.24,1.44
5slice,0,5,0.000000
1.07,0.18,0.87
5slice,0,356,0.000000
19.55,0.87,18.60
5slice,0,73,0.000000
4.70,0.26,4.43
5slice,0,109,0.000000
6.56,0.33,6.21
5slice,0,89,0.000000
5.62,0.40,5.19
5slice,0,216,0.000000
12.59,0.68,11.81
5slice,0,258,0.000000
14.74,0.65,14.02
5slice,0,8,0.000000
1.22,0.09,1.12
5slice,0,114,0.000000
6.97,0.43,6.48
5slice,0,122,0.000000
7.31,0.48,6.76
5slice,0,17,0.000000
1.70,0.16,1.52
5slice,0,101,0.000000
6.07,0.25,5.79
5slice,0,53,0.000000
3.77,0.31,3.44
5slice,0,42,0.000000
3.07,0.27,2.75
5slice,0,74,0.000000
4.79,0.35,4.41
5slice,0,61,0.000000
4.04,0.34,3.66
5slice,0,332,0.000000
18.61,1.11,17.39
5slice,0,69,0.000000
4.50,0.28,4.21
5slice,0,31,0.000000
2.46,0.29,2.15
5slice,0,13,0.000000
1.58,0.15,1.41
5slice,0,25,0.000000
2.09,0.21,1.86
5slice,0,491,0.000000
26.41,0.78,25.51
5slice,0,127,0.000000
7.65,0.50,7.09
5slice,0,7,0.000000
1.17,0.18,0.98
5slice,0,63,0.000000
4.09,0.24,3.83
5slice,0,392,0.000000
21.26,0.75,20.45
5slice,0,41,0.000000
3.09,0.29,2.77
5slice,0,45,0.000000
3.15,0.27,2.86
5slice,0,16,0.000000
1.63,0.17,1.46
5slice,0,100,0.000000
6.14,0.46,5.64
5slice,0,15,0.000000
1.62,0.18,1.42
5slice,0,42,0.000000
3.13,0.27,2.85
5slice,0,222,0.000000
12.65,0.72,11.90
5slice,0,219,0.000000
12.54,0.71,11.80
5slice,0,141,0.000000
8.36,0.47,7.82
5slice,0,75,0.000000
4.83,0.44,4.38
5slice,0,47,0.000000
3.31,0.22,3.07
5slice,0,668,0.000000
36.69,2.07,34.33
5slice,0,82,0.000000
5.27,0.40,4.81
5slice,0,58,0.000000
3.90,0.33,3.56
5slice,0,89,0.000000
5.59,0.35,5.17
5slice,0,223,0.000000
12.83,0.83,11.96
5slice,0,128,0.000000
7.53,0.25,7.23
5slice,0,176,0.000000
10.27,0.72,9.52
5slice,0,16,0.000000
1.63,0.21,1.41
5slice,0,44,0.000000
3.10,0.30,2.78
5slice,0,206,0.000000
11.89,0.81,10.99
5slice,0,166,0.000000
9.76,0.51,9.18
5slice,0,126,0.000000
7.56,0.49,7.04
5slice,0,105,0.000000
6.50,0.49,6.00
5slice,0,148,0.000000
8.59,0.38,8.17
5slice,0,90,0.000000
5.65,0.36,5.27
5slice,0,126,0.000000
7.42,0.35,7.04
5slice,0,179,0.000000
10.43,0.57,9.83
5slice,0,53,0.000000
3.67,0.30,3.33
5slice,0,129,0.000000
7.61,0.50,7.09
5slice,0,50,0.000000
3.47,0.30,3.14
5slice,0,258,0.000000
14.28,0.48,13.68
5slice,0,44,0.000000
3.18,0.32,2.84
5slice,0,318,0.000000
18.08,0.99,16.99
5slice,0,309,0.000000
16.98,0.78,16.15
5slice,0,119,0.000000
7.28,0.55,6.69
5slice,0,73,0.000000
4.75,0.29,4.40
5slice,0,312,0.000000
17.54,1.07,16.39
5slice,0,479,0.000000
25.60,0.67,24.82
5slice,0,72,0.000000
4.67,0.35,4.30
5slice,0,77,0.000000
4.91,0.25,4.64
5slice,0,366,0.000000
20.33,1.13,19.14
5slice,0,100,0.000000
6.21,0.50,5.69
5slice,0,287,0.000000
16.08,0.79,15.25
5slice,0,461,0.000000
25.22,0.98,24.14
5slice,0,198,0.000000
11.44,0.70,10.71
5slice,0,8,0.000000
1.21,0.24,0.95
5slice,0,142,0.000000
8.32,0.36,7.89
5slice,0,183,0.000000
10.42,0.32,10.00
5slice,0,118,0.000000
7.06,0.36,6.65
5slice,0,62,0.000000
4.13,0.28,3.82
5slice,0,161,0.000000
9.44,0.51,8.85
5slice,0,56,0.000000
3.76,0.23,3.51
5slice,0,111,0.000000
6.79,0.52,6.25
5slice,0,123,0.000000
7.28,0.32,6.88
5slice,0,19,0.000000
1.87,0.20,1.67
5slice,0,70,0.000000
4.51,0.23,4.26
5slice,0,31,0.000000
2.55,0.27,2.27
5slice,0,7,0.000000
1.17,0.20,0.96
5slice,0,15,0.000000
1.61,0.24,1.35
5slice,0,66,0.000000
4.39,0.28,4.07
5slice,0,13,0.000000
1.49,0.16,1.31
5slice,0,183,0.000000
10.54,0.80,9.68
5slice,0,60,0.000000
4.03,0.31,3.68
5slice,0,105,0.000000
6.40,0.31,6.07
5slice,0,349,0.000000
19.40,1.16,18.19
5slice,0,344,0.000000
18.96,0.84,18.04
5slice,0,12,0.000000
1.43,0.16,1.27
5slice,0,119,0.000000
7.18,0.46,6.68
5slice,0,3,0.000000
0.94,0.19,0.74
5slice,0,232,0.000000
13.24,0.69,12.51
5slice,0,235,0.000000
13.50,0.85,12.56
5slice,0,26,0.000000
2.21,0.27,1.92
5slice,0,133,0.000000
7.87,0.45,7.40
5slice,0,20,0.000000
1.91,0.23,1.67
5slice,0,129,0.000000
7.76,0.64,7.08
5slice,0,340,0.000000
19.06,1.11,17.87
5slice,0,17,0.000000
1.69,0.20,1.48
5slice,0,122,0.000000
7.21,0.48,6.70
5slice,0,56,0.000000
3.75,0.22,3.52
5slice,0,8,0.000000
1.22,0.18,1.03
5slice,0,46,0.000000
3.41,0.28,3.12
5slice,0,94,0.000000
5.75,0.34,5.36
5slice,0,66,0.000000
4.35,0.36,3.97
5slice,0,42,0.000000
3.02,0.20,2.80
5slice,0,302,0.000000
16.94,0.69,16.19
5slice,0,97,0.000000
5.96,0.36,5.55
5slice,0,193,0.000000
11.09,0.65,10.41
5slice,0,54,0.000000
3.74,0.32,3.40
5slice,0,174,0.000000
10.17,0.53,9.55
5slice,0,184,0.000000
10.68,0.70,9.95
5slice,0,57,0.000000
3.98,0.37,3.60
5slice,0,204,0.000000
11.55,0.62,10.89
5slice,0,139,0.000000
8.18,0.56,7.55
5slice,0,23,0.000000
2.12,0.26,1.84
5slice,0,219,0.000000
12.59,0.77,11.70
5slice,0,17,0.000000
1.73,0.17,1.54
5slice,0,154,0.000000
9.22,0.66,8.39
5slice,0,152,0.000000
8.91,0.51,8.35
5slice,0,11,0.000000
1.39,0.18,1.20
5slice,0,17,0.000000
1.70,0.23,1.46
5slice,0,19,0.000000
1.80,0.10,1.69
5slice,0,156,0.000000
9.20,0.54,8.63
5slice,0,79,0.000000
4.99,0.46,4.51
5slice,0,184,0.000000
10.46,0.38,10.05
5slice,0,36,0.000000
2.74,0.22,2.51
5slice,0,30,0.000000
2.35,0.17,2.17
5slice,0,21,0.000000
1.89,0.28,1.60
5slice,0,74,0.000000
4.74,0.42,4.30
5slice,0,110,0.000000
6.72,0.47,6.18
5slice,0,116,0.000000
6.95,0.35,6.58
5slice,0,108,0.000000
6.75,0.61,6.10
5slice,0,436,0.000000
24.26,1.43,22.76
5slice,0,74,0.000000
4.66,0.23,4.40
5slice,0,73,0.000000
4.78,0.40,4.32
5slice,0,28,0.000000
2.43,0.28,2.13
5slice,0,175,0.000000
9.96,0.50,9.41
5slice,0,87,0.000000
5.41,0.21,5.18
5slice,0,42,0.000000
3.03,0.21,2.81
5slice,0,338,0.000000
18.61,0.59,17.90
5slice,0,317,0.000000
17.70,0.91,16.71
5slice,0,635,0.000000
35.08,1.86,33.08
5slice,0,105,0.000000
6.58,0.42,6.12
5slice,0,29,0.000000
2.34,0.12,2.18
5slice,0,66,0.000000
4.32,0.28,4.02
5slice,0,100,0.000000
6.21,0.33,5.86
5slice,0,56,0.000000
3.92,0.33,3.56
5slice,0,38,0.000000
2.80,0.23,2.55
5slice,0,59,0.000000
3.92,0.27,3.63
5slice,0,123,0.000000
7.40,0.57,6.77
5slice,0,35,0.000000
2.67,0.28,2.38
5slice,0,132,0.000000
7.63,0.26,7.35
5slice,0,6,0.000000
1.13,0.21,0.92
5slice,0,90,0.000000
5.62,0.34,5.25
5slice,0,57,0.000000
3.99,0.28,3.69
5slice,0,34,0.000000
2.53,0.16,2.36
5slice,0,84,0.000000
5.29,0.28,4.94
5slice,0,621,0.000000
33.17,0.81,32.21
5slice,0,92,0.000000
5.71,0.35,5.32
5slice,0,49,0.000000
3.50,0.27,3.20
5slice,0,3,0.000000
0.94,0.12,0.81
5slice,0,30,0.000000
2.44,0.22,2.20
5slice,0,80,0.000000
5.02,0.27,4.73
5slice,0,169,0.000000
9.92,0.63,9.25
5slice,0,30,0.000000
2.38,0.26,2.10
5slice,0,355,0.000000
19.81,1.10,18.63
5slice,0,245,0.000000
13.97,0.76,13.15
5slice,0,108,0.000000
6.40,0.27,6.11
5slice,0,127,0.000000
7.64,0.51,7.05
5slice,0,205,0.000000
11.66,0.52,11.10
5slice,0,150,0.000000
8.75,0.44,8.27
5slice,0,6,0.000000
1.13,0.17,0.95
5slice,0,250,0.000000
14.32,0.89,13.40
5slice,0,63,0.000000
4.07,0.19,3.87
5slice,0,41,0.000000
2.96,0.30,2.64
5slice,0,109,0.000000
6.71,0.45,6.23
5slice,0,99,0.000000
6.12,0.41,5.66
5slice,0,36,0.000000
2.70,0.24,2.45
5slice,0,13,0.000000
1.47,0.18,1.28
5slice,0,353,0.000000
19.97,1.15,18.65
5slice,0,35,0.000000
2.64,0.32,2.32
5slice,0,56,0.000000
3.89,0.36,3.51
5slice,0,75,0.000000
4.86,0.40,4.42
5slice,0,172,0.000000
10.12,0.60,9.45
5slice,0,45,0.000000
3.12,0.17,2.93
5slice,0,317,0.000000
17.79,1.10,16.63
5slice,0,77,0.000000
4.97,0.51,4.44
5slice,0,22,0.000000
1.97,0.24,1.71
5slice,0,65,0.000000
4.26,0.33,3.90
5slice,0,277,0.000000
15.65,0.93,14.66
5slice,0,474,0.000000
25.31,0.54,24.64
5slice,0,20,0.000000
1.86,0.18,1.66
5slice,0,209,0.000000
12.07,0.72,11.25
5slice,0,91,0.000000
5.65,0.50,5.12
5slice,0,30,0.000000
2.39,0.25,2.11
5slice,0,72,0.000000
4.51,0.23,4.26
5slice,0,247,0.000000
14.22,0.97,13.12
5slice,0,442,0.000000
23.70,0.73,22.90
5slice,0,147,0.000000
8.54,0.53,7.99
5slice,0,376,0.000000
20.76,1.14,19.52
5slice,0,51,0.000000
3.49,0.34,3.11
5slice,0,76,0.000000
4.78,0.25,4.51
5slice,0,121,0.000000
7.28,0.39,6.87
5slice,0,2,0.000000
0.94,0.13,0.81
5slice,0,10,0.000000
1.27,0.23,1.04
5slice,0,28,0.000000
2.26,0.29,1.96
5slice,0,127,0.000000
7.56,0.42,7.08
5slice,0,22,0.000000
1.90,0.13,1.75
5slice,0,259,0.000000
14.12,0.44,13.62
5slice,0,108,0.000000
6.59,0.50,6.08
5slice,0,228,0.000000
13.02,0.82,12.12
5slice,0,120,0.000000
7.26,0.48,6.70
5slice,0,152,0.000000
8.90,0.65,8.20
5slice,0,95,0.000000
5.82,0.38,5.41
5slice,0,138,0.000000
7.88,0.34,7.52
5slice,0,206,0.000000
11.56,0.46,11.06
5slice,0,97,0.000000
5.96,0.44,5.48
5slice,0,162,0.000000
9.32,0.44,8.83
5slice,0,24,0.000000
2.02,0.24,1.77
5slice,0,11,0.000000
1.35,0.10,1.25
5slice,0,55,0.000000
3.75,0.28,3.43
5slice,0,79,0.000000
5.01,0.42,4.53
5slice,0,88,0.000000
5.47,0.41,5.00
rand-6,0,3,0.000000
0.99,0.14,0.84
rand-6,0,3,0.000000
0.93,0.10,0.82
rand-6,0,21,0.000000
1.89,0.19,1.68
rand-6,0,1,0.000000
0.84,0.15,0.68
rand-6,0,23,0.000000
1.98,0.20,1.75
rand-6,0,38,0.000000
2.80,0.31,2.46
rand-6,0,3,0.000000
1.00,0.21,0.77
rand-6,0,4,0.000000
1.04,0.17,0.84
rand-6,0,1,0.000000
0.83,0.13,0.69
rand-6,0,13,0.000000
1.47,0.14,1.32
rand-6,0,1,0.000000
0.84,0.13,0.71
rand-6,0,8,0.000000
1.20,0.16,1.04
rand-6,0,2,0.000000
0.98,0.17,0.81
rand-6,0,25,0.000000
2.08,0.24,1.81
rand-6,0,6,0.000000
1.18,0.13,1.03
rand-6,0,5,0.000000
1.05,0.18,0.85
rand-6,0,3,0.000000
0.93,0.13,0.79
rand-6,0,1,0.000000
0.83,0.13,0.69
rand-6,0,1,0.000000
0.83,0.15,0.67
rand-6,0,24,0.000000
2.14,0.19,1.93
rand-6,0,11,0.000000
1.38,0.12,1.24
rand-6,0,2,0.000000
0.88,0.15,0.73
rand-6,0,4,0.000000
1.04,0.14,0.89
rand-6,0,6,0.000000
1.09,0.17,0.91
rand-6,0,5,0.000000
1.02,0.17,0.84
rand-6,0,6,0.000000
1.05,0.18,0.87
rand-6,0,6,0.000000
1.17,0.20,0.96
rand-6,0,2,0.000000
0.89,0.21,0.67
rand-6,0,26,0.000000
2.15,0.21,1.92
rand-6,0,3,0.000000
0.97,0.18,0.78
rand-6,0,3,0.000000
0.95,0.19,0.75
rand-6,0,6,0.000000
1.08,0.17,0.91
rand-6,0,4,0.000000
1.02,0.16,0.85
rand-6,0,5,0.000000
1.17,0.18,0.97
rand-6,0,7,0.000000
1.10,0.20,0.90
rand-6,0,2,0.000000
0.89,0.13,0.75
rand-6,0,25,0.000000
2.02,0.24,1.77
rand-6,0,18,0.000000
1.69,0.18,1.49
rand-6,0,1,0.000000
0.83,0.16,0.67
rand-6,0,8,0.000000
1.21,0.19,1.01
rand-6,0,19,0.000000
1.81,0.25,1.53
rand-6,0,15,0.000000
1.49,0.15,1.33
rand-6,0,3,0.000000
0.94,0.16,0.78
rand-6,0,5,0.000000
1.07,0.13,0.94
rand-6,0,2,0.000000
0.89,0.16,0.72
rand-6,0,1,0.000000
0.83,0.19,0.63
rand-6,0,3,0.000000
0.93,0.14,0.77
rand-6,0,5,0.000000
1.15,0.23,0.91
rand-6,0,11,0.000000
1.34,0.20,1.14
rand-6,0,13,0.000000
1.48,0.24,1.23
rand-6,0,9,0.000000
1.26,0.19,1.06
rand-6,0,6,0.000000
1.10,0.17,0.92
rand-6,0,4,0.000000
1.02,0.24,0.78
rand-6,0,16,0.000000
1.56,0.19,1.35
rand-6,0,7,0.000000
1.13,0.22,0.89
rand-6,0,22,0.000000
2.03,0.25,1.76
rand-6,0,1,0.000000
0.83,0.22,0.61
rand-6,0,11,0.000000
1.35,0.11,1.23
rand-6,0,2,0.000000
0.88,0.17,0.70
rand-6,0,9,0.000000
1.24,0.15,1.07
rand-6,0,21,0.000000
1.92,0.22,1.68
rand-6,0,16,0.000000
1.54,0.19,1.35
rand-6,0,2,0.000000
0.89,0.12,0.77
rand-6,0,11,0.000000
1.43,0.18,1.23
rand-6,0,12,0.000000
1.38,0.15,1.23
rand-6,0,3,0.000000
0.93,0.17,0.75
rand-6,0,6,0.000000
1.11,0.16,0.93
rand-6,0,18,0.000000
1.74,0.15,1.58
rand-6,0,1,0.000000
0.83,0.22,0.61
rand-6,0,3,0.000000
0.94,0.17,0.77
rand-6,0,1,0.000000
0.83,0.14,0.68
rand-6,0,11,0.000000
1.45,0.23,1.19
rand-6,0,3,0.000000
0.96,0.18,0.77
rand-6,0,1,0.000000
0.84,0.12,0.71
rand-6,0,15,0.000000
1.59,0.16,1.43
rand-6,0,11,0.000000
1.38,0.12,1.25
rand-6,0,19,0.000000
1.72,0.21,1.51
rand-6,0,12,0.000000
1.39,0.21,1.18
rand-6,0,7,0.000000
1.16,0.17,0.97
rand-6,0,6,0.000000
1.21,0.16,1.03
rand-6,0,4,0.000000
1.00,0.19,0.80
rand-6,0,13,0.000000
1.47,0.20,1.27
rand-6,0,12,0.000000
1.33,0.18,1.15
rand-6,0,1,0.000000
0.84,0.18,0.64
rand-6,0,15,0.000000
1.56,0.22,1.34
rand-6,0,1,0.000000
0.83,0.21,0.61
rand-6,0,31,0.000000
2.35,0.24,2.11
rand-6,0,3,0.000000
1.06,0.18,0.87
rand-6,0,14,0.000000
1.49,0.15,1.33
rand-6,0,2,0.000000
0.90,0.16,0.73
rand-6,0,2,0.000000
0.88,0.17,0.70
rand-6,0,5,0.000000
1.06,0.15,0.90
rand-6,0,1,0.000000
0.84,0.14,0.69
rand-6,0,12,0.000000
1.43,0.23,1.19
rand-6,0,20,0.000000
1.78,0.23,1.54
rand-6,0,18,0.000000
1.90,0.23,1.66
rand-6,0,8,0.000000
1.19,0.12,1.05
rand-6,0,2,0.000000
0.87,0.17,0.70
rand-6,0,8,0.000000
1.20,0.20,0.99
rand-6,0,3,0.000000
0.95,0.09,0.85
rand-6,0,3,0.000000
0.95,0.16,0.78
rand-6,0,11,0.000000
1.34,0.14,1.20
rand-6,0,10,0.000000
1.28,0.13,1.14
rand-6,0,14,0.000000
1.56,0.19,1.36
rand-6,0,2,0.000000
0.89,0.13,0.74
rand-6,0,10,0.000000
1.31,0.27,1.04
rand-6,0,10,0.000000
1.35,0.16,1.18
rand-6,0,1,0.000000
0.82,0.10,0.72
rand-6,0,20,0.000000
1.82,0.24,1.55
rand-6,0,2,0.000000
0.88,0.16,0.71
rand-6,0,4,0.000000
0.99,0.13,0.85
rand-6,0,4,0.000000
1.08,0.17,0.90
rand-6,0,15,0.000000
1.55,0.13,1.40
rand-6,0,11,0.000000
1.34,0.14,1.19
rand-6,0,4,0.000000
0.98,0.14,0.83
rand-6,0,8,0.000000
1.15,0.17,0.97
rand-6,0,3,0.000000
0.93,0.16,0.77
rand-6,0,10,0.000000
1.27,0.21,1.06
rand-6,0,1,0.000000
0.83,0.14,0.68
rand-6,0,3,0.000000
1.03,0.11,0.90
rand-6,0,1,0.000000
0.84,0.15,0.68
rand-6,0,21,0.000000
1.83,0.23,1.57
rand-6,0,1,0.000000
0.90,0.19,0.71
rand-6,0,4,0.000000
1.01,0.17,0.83
rand-6,0,5,0.000000
1.03,0.17,0.84
rand-6,0,5,0.000000
1.05,0.15,0.89
rand-6,0,16,0.000000
1.58,0.20,1.38
rand-6,0,3,0.000000
1.02,0.18,0.83
rand-6,0,4,0.000000
0.98,0.14,0.83
rand-6,0,9,0.000000
1.24,0.20,1.02
rand-6,0,2,0.000000
0.90,0.11,0.78
rand-6,0,3,0.000000
0.94,0.15,0.77
rand-6,0,4,0.000000
0.99,0.18,0.80
rand-6,0,2,0.000000
0.89,0.17,0.71
rand-6,0,15,0.000000
1.55,0.15,1.39
rand-6,0,8,0.000000
1.29,0.18,1.10
rand-6,0,11,0.000000
1.33,0.19,1.13
rand-6,0,4,0.000000
1.00,0.13,0.86
rand-6,0,5,0.000000
1.06,0.26,0.79
rand-6,0,21,0.000000
1.82,0.21,1.60
rand-6,0,15,0.000000
1.50,0.18,1.30
rand-6,0,18,0.000000
1.66,0.18,1.46
rand-6,0,17,0.000000
1.71,0.16,1.54
rand-6,0,7,0.000000
1.22,0.20,1.00
rand-6,0,7,0.000000
1.12,0.11,0.99
rand-6,0,8,0.000000
1.20,0.23,0.96
rand-6,0,5,0.000000
1.08,0.12,0.95
rand-6,0,3,0.000000
0.94,0.14,0.79
rand-6,0,26,0.000000
2.11,0.19,1.91
rand-6,0,13,0.000000
1.45,0.16,1.28
rand-6,0,6,0.000000
1.05,0.14,0.90
rand-6,0,1,0.000000
0.92,0.11,0.81
rand-6,0,7,0.000000
1.13,0.20,0.93
rand-6,0,13,0.000000
1.48,0.19,1.28
rand-6,0,3,0.000000
0.97,0.18,0.78
rand-6,0,6,0.000000
1.08,0.14,0.93
rand-6,0,3,0.000000
0.93,0.12,0.80
rand-6,0,17,0.000000
1.65,0.19,1.45
rand-6,0,6,0.000000
1.10,0.17,0.93
rand-6,0,8,0.000000
1.30,0.18,1.10
rand-6,0,11,0.000000
1.36,0.19,1.17
rand-6,0,1,0.000000
0.84,0.13,0.70
rand-6,0,10,0.000000
1.31,0.23,1.08
rand-6,0,24,0.000000
1.99,0.31,1.66
rand-6,0,11,0.000000
1.36,0.18,1.17
rand-6,0,20,0.000000
1.78,0.17,1.60
rand-6,0,2,0.000000
1.00,0.21,0.78
rand-6,0,9,0.000000
1.23,0.17,1.06
rand-6,0,5,0.000000
1.05,0.21,0.82
rand-6,0,1,0.000000
0.85,0.13,0.70
rand-6,0,5,0.000000
1.02,0.23,0.78
rand-6,0,72,0.000000
4.36,0.25,4.08
rand-6,0,12,0.000000
1.39,0.23,1.13
rand-6,0,19,0.000000
1.90,0.18,1.70
rand-6,0,4,0.000000
1.00,0.17,0.84
rand-6,0,17,0.000000
1.72,0.19,1.52
rand-6,0,6,0.000000
1.08,0.18,0.89
rand-6,0,9,0.000000
1.29,0.21,1.06
rand-6,0,6,0.000000
1.11,0.18,0.92
rand-6,0,30,0.000000
2.29,0.22,2.06
rand-6,0,10,0.000000
1.42,0.20,1.21
rand-6,0,6,0.000000
1.13,0.16,0.96
rand-6,0,14,0.000000
1.44,0.22,1.21
rand-6,0,21,0.000000
1.86,0.14,1.71
rand-6,0,15,0.000000
1.58,0.15,1.42
rand-6,0,5,0.000000
1.02,0.12,0.89
rand-6,0,15,0.000000
1.53,0.20,1.33
rand-6,0,12,0.000000
1.49,0.22,1.23
rand-6,0,4,0.000000
1.00,0.16,0.83
rand-6,0,7,0.000000
1.10,0.23,0.87
rand-6,0,4,0.000000
0.97,0.13,0.84
rand-6,0,3,0.000000
0.95,0.13,0.82
rand-6,0,3,0.000000
0.93,0.15,0.77
rand-6,0,9,0.000000
1.24,0.10,1.12
rand-6,0,4,0.000000
1.09,0.19,0.86
rand-6,0,5,0.000000
1.05,0.18,0.86
rand-6,0,1,0.000000
0.83,0.11,0.71
rand-6,0,4,0.000000
0.98,0.18,0.79
rand-6,0,15,0.000000
1.53,0.22,1.31
rand-6,0,6,0.000000
1.08,0.15,0.93
rand-6,0,1,0.000000
0.82,0.07,0.75
rand-6,0,9,0.000000
1.31,0.22,1.09
rand-6,0,8,0.000000
1.18,0.15,1.03
rand-6,0,45,0.000000
3.09,0.29,2.78
rand-6,0,16,0.000000
1.59,0.19,1.40
rand-6,0,19,0.000000
1.77,0.20,1.55
rand-6,0,2,0.000000
0.88,0.20,0.67
rand-6,0,2,0.000000
0.87,0.16,0.70
rand-6,0,12,0.000000
1.55,0.25,1.28
rand-6,0,4,0.000000
0.99,0.16,0.82
rand-6,0,22,0.000000
1.89,0.23,1.65
rand-6,0,5,0.000000
1.07,0.17,0.89
rand-6,0,17,0.000000
1.69,0.14,1.53
rand-6,0,8,0.000000
1.18,0.14,1.03
rand-6,0,1,0.000000
0.82,0.12,0.69
rand-6,0,2,0.000000
0.98,0.22,0.76
rand-6,0,24,0.000000
2.05,0.26,1.77
rand-6,0,4,0.000000
1.01,0.14,0.87
rand-6,0,8,0.000000
1.20,0.24,0.95
rand-6,0,8,0.000000
1.17,0.19,0.96
rand-6,0,2,0.000000
0.89,0.15,0.73
rand-6,0,15,0.000000
1.50,0.18,1.31
rand-6,0,6,0.000000
1.19,0.14,1.05
rand-6,0,5,0.000000
1.07,0.20,0.85
rand-6,0,3,0.000000
0.97,0.18,0.78
rand-6,0,4,0.000000
0.97,0.17,0.79
rand-6,0,2,0.000000
0.90,0.14,0.75
rand-6,0,3,0.000000
0.93,0.20,0.73
rand-6,0,10,0.000000
1.35,0.18,1.17
rand-6,0,13,0.000000
1.56,0.16,1.39
rand-6,0,16,0.000000
1.65,0.20,1.44
rand-6,0,5,0.000000
1.02,0.19,0.82
rand-6,0,5,0.000000
1.04,0.19,0.84
rand-6,0,4,0.000000
1.01,0.19,0.81
rand-6,0,7,0.000000
1.14,0.16,0.97
rand-6,0,6,0.000000
1.07,0.12,0.94
rand-6,0,25,0.000000
2.14,0.24,1.88
rand-6,0,19,0.000000
1.77,0.19,1.57
rand-6,0,11,0.000000
1.29,0.21,1.07
rand-6,0,3,0.000000
0.95,0.16,0.79
rand-6,0,2,0.000000
0.89,0.15,0.72
rand-6,0,13,0.000000
1.44,0.18,1.25
rand-6,0,11,0.000000
1.30,0.13,1.16
rand-6,0,4,0.000000
1.07,0.22,0.85
rand-6,0,15,0.000000
1.52,0.27,1.24
rand-6,0,1,0.000000
0.84,0.15,0.68
rand-6,0,6,0.000000
1.08,0.16,0.90
rand-6,0,3,0.000000
0.94,0.15,0.77
rand-6,0,2,0.000000
0.87,0.09,0.77
rand-6,0,4,0.000000
1.02,0.17,0.85
rand-6,0,16,0.000000
1.71,0.24,1.44
rand-6,0,3,0.000000
0.93,0.17,0.75
rand-6,0,7,0.000000
1.12,0.15,0.96
rand-6,0,1,0.000000
0.83,0.16,0.66
rand-6,0,11,0.000000
1.36,0.13,1.22
rand-6,0,10,0.000000
1.30,0.17,1.11
rand-6,0,12,0.000000
1.38,0.19,1.18
rand-6,0,2,0.000000
0.96,0.15,0.80
rand-6,0,17,0.000000
1.66,0.17,1.48
rand-6,0,2,0.000000
0.87,0.18,0.69
rand-6,0,6,0.000000
1.08,0.11,0.96
rand-6,0,2,0.000000
0.88,0.13,0.74
rand-6,0,3,0.000000
0.94,0.14,0.80
rand-6,0,17,0.000000
1.67,0.21,1.44
rand-6,0,19,0.000000
1.80,0.19,1.60
rand-6,0,1,0.000000
0.83,0.18,0.64
rand-6,0,10,0.000000
1.29,0.23,1.05
rand-6,0,3,0.000000
0.97,0.12,0.85
rand-6,0,4,0.000000
0.98,0.14,0.83
rand-6,0,4,0.000000
0.98,0.20,0.77
rand-6,0,4,0.000000
0.97,0.12,0.84
rand-6,0,30,0.000000
2.32,0.23,2.09
rand-6,0,6,0.000000
1.20,0.25,0.93
rand-6,0,12,0.000000
1.42,0.17,1.22
rand-6,0,1,0.000000
0.84,0.20,0.64
rand-6,0,15,0.000000
1.59,0.24,1.32
rand-6,0,1,0.000000
0.82,0.13,0.69
rand-6,0,10,0.000000
1.27,0.18,1.08
rand-6,0,6,0.000000
1.09,0.16,0.92
rand-6,0,15,0.000000
1.67,0.17,1.49
rand-6,0,33,0.000000
2.44,0.22,2.22
rand-6,0,16,0.000000
1.61,0.19,1.41
rand-6,0,10,0.000000
1.31,0.13,1.17
rand-6,0,4,0.000000
1.01,0.16,0.84
rand-6,0,2,0.000000
0.87,0.20,0.66
rand-6,0,4,0.000000
1.01,0.13,0.88
rand-6,0,23,0.000000
2.08,0.21,1.85
rand-6,0,2,0.000000
0.89,0.13,0.75
rand-6,0,24,0.000000
1.99,0.25,1.73
rand-6,0,1,0.000000
0.84,0.21,0.62
rand-6,0,3,0.000000
0.93,0.15,0.77
rand-6,0,2,0.000000
0.89,0.17,0.71
rand-6,0,14,0.000000
1.56,0.16,1.38
rand-6,0,3,0.000000
0.96,0.23,0.72
rand-6,0,4,0.000000
0.98,0.13,0.84
rand-6,0,14,0.000000
1.47,0.19,1.27
rand-6,0,2,0.000000
0.88,0.21,0.66
rand-6,0,19,0.000000
1.77,0.30,1.46
rand-6,0,1,0.000000
0.83,0.15,0.67
rand-6,0,3,0.000000
1.07,0.25,0.77