rand_6,0,5,0.172795,1
1.25,0.19,1.04
rand_6,0,10,0.410973,1
1.41,0.15,1.23
rand_6,0,21,0.681092,1
1.84,0.16,1.66
rand_6,0,4,0.131080,1
1.04,0.16,0.85
rand_6,0,3,0.092262,1
1.09,0.20,0.88
rand_6,0,8,0.299510,1
1.39,0.15,1.22
rand_6,0,7,0.237748,1
1.29,0.21,1.06
rand_6,0,2,0.062278,1
1.00,0.14,0.85
rand_6,0,1,0.000000,1
0.98,0.18,0.79
rand_6,0,4,0.115168,1
1.00,0.20,0.79
rand_6,0,3,0.091496,1
0.96,0.15,0.79
rand_6,0,7,0.225415,1
1.15,0.19,0.94
rand_6,0,4,0.142154,1
1.15,0.25,0.88
rand_6,0,7,0.263955,1
1.22,0.17,1.03
rand_6,0,13,0.456308,1
1.48,0.17,1.30
rand_6,0,6,0.190497,1
1.11,0.15,0.95
rand_6,0,8,0.260974,1
1.34,0.17,1.16
rand_6,0,7,0.244264,1
1.18,0.15,1.02
rand_6,0,8,0.246827,1
1.22,0.20,0.99
rand_6,0,18,0.654556,1
1.77,0.14,1.62
rand_6,0,10,0.292248,1
1.37,0.18,1.18
rand_6,0,1,0.000000,1
0.86,0.14,0.71
rand_6,0,3,0.083395,1
0.94,0.18,0.75
rand_6,0,17,0.557361,1
1.64,0.22,1.41
rand_6,0,4,0.135317,1
1.16,0.19,0.94
rand_6,0,4,0.130132,1
1.03,0.14,0.87
rand_6,0,3,0.091467,1
0.95,0.12,0.82
rand_6,0,5,0.155135,1
1.06,0.14,0.90
rand_6,0,5,0.157514,1
1.17,0.23,0.94
rand_6,0,4,0.114091,1
0.99,0.14,0.85
rand_6,0,1,0.000000,1
0.85,0.11,0.73
rand_6,0,9,0.291616,1
1.26,0.20,1.04
rand_6,0,8,0.249119,1
1.30,0.22,1.07
rand_6,0,2,0.062332,1
0.93,0.10,0.83
rand_6,0,1,0.000000,1
0.86,0.17,0.68
rand_6,0,19,0.675955,1
1.80,0.18,1.60
rand_6,0,11,0.399391,1
1.51,0.25,1.25
rand_6,0,1,0.000000,1
0.89,0.16,0.72
rand_6,0,2,0.060091,1
0.92,0.13,0.78
rand_6,0,8,0.276022,1
1.22,0.13,1.08
rand_6,0,13,0.414815,1
1.55,0.31,1.23
rand_6,0,8,0.324210,1
1.30,0.17,1.11
rand_6,0,4,0.132306,1
1.01,0.15,0.86
rand_6,0,5,0.148041,1
1.04,0.15,0.88
rand_6,0,12,0.389445,1
1.51,0.22,1.28
rand_6,0,8,0.290554,1
1.26,0.21,1.04
rand_6,0,2,0.054471,1
0.90,0.18,0.71
rand_6,0,4,0.118049,1
0.99,0.10,0.88
rand_6,0,16,0.548458,1
1.75,0.23,1.50
rand_6,0,12,0.452039,1
1.48,0.15,1.32
rand_6,0,5,0.162483,1
1.06,0.15,0.90
rand_6,0,3,0.109833,1
0.97,0.12,0.84
rand_6,0,7,0.252277,1
1.31,0.20,1.08
rand_6,0,12,0.414640,1
1.44,0.17,1.25
rand_6,0,10,0.314413,1
1.29,0.18,1.10
rand_6,0,1,0.000000,1
0.86,0.18,0.66
rand_6,0,1,0.000000,1
0.98,0.09,0.86
rand_6,0,3,0.091799,1
0.97,0.13,0.84
rand_6,0,5,0.153370,1
1.06,0.17,0.87
rand_6,0,1,0.000000,1
0.85,0.15,0.69
rand_6,0,5,0.158030,1
1.18,0.19,0.97
rand_6,0,1,0.000000,1
0.87,0.22,0.65
rand_6,0,11,0.348031,1
1.35,0.18,1.16
rand_6,0,15,0.479934,1
1.54,0.14,1.38
rand_6,0,4,0.112046,1
1.10,0.14,0.95
rand_6,0,20,0.656682,1
1.80,0.23,1.56
rand_6,0,1,0.000000,1
0.88,0.18,0.68
rand_6,0,2,0.062273,1
0.91,0.19,0.72
rand_6,0,2,0.053360,1
1.02,0.17,0.83
rand_6,0,7,0.244921,1
1.18,0.18,0.99
rand_6,0,23,0.815965,1
1.99,0.11,1.86
rand_6,0,10,0.329470,1
1.31,0.24,1.06
rand_6,0,9,0.366721,1
1.45,0.17,1.27
rand_6,0,2,0.062457,1
0.91,0.11,0.80
rand_6,0,5,0.185929,1
1.09,0.15,0.93
rand_6,0,1,0.000000,1
0.86,0.14,0.71
rand_6,0,8,0.267080,1
1.32,0.16,1.14
rand_6,0,5,0.158260,1
1.07,0.11,0.94
rand_6,0,46,1.565014,1
3.16,0.22,2.91
rand_6,0,12,0.398579,1
1.42,0.16,1.24
rand_6,0,5,0.167994,1
1.18,0.17,0.99
rand_6,0,14,0.444242,1
1.52,0.19,1.31
rand_6,0,6,0.221991,1
1.15,0.22,0.92
rand_6,0,39,1.321860,1
2.79,0.31,2.46
rand_6,0,1,0.000000,1
0.98,0.18,0.79
rand_6,0,3,0.091239,1
0.96,0.18,0.77
rand_6,0,5,0.171368,1
1.08,0.20,0.88
rand_6,0,9,0.302632,1
1.26,0.19,1.06
rand_6,0,1,0.000000,1
0.98,0.14,0.83
rand_6,0,4,0.135268,1
1.06,0.16,0.89
rand_6,0,3,0.104638,1
0.97,0.22,0.74
rand_6,0,1,0.000000,1
0.86,0.20,0.65
rand_6,0,6,0.195784,1
1.23,0.24,0.97
rand_6,0,1,0.000000,1
0.87,0.19,0.68
rand_6,0,6,0.188743,1
1.10,0.17,0.92
rand_6,0,1,0.000000,1
0.86,0.16,0.69
rand_6,0,10,0.329656,1
1.41,0.22,1.18
rand_6,0,2,0.060331,1
0.92,0.16,0.74
rand_6,0,10,0.347705,1
1.34,0.17,1.15
rand_6,0,3,0.104091,1
0.97,0.14,0.82
rand_6,0,8,0.255436,1
1.31,0.21,1.09
rand_6,0,1,0.000000,1
0.86,0.14,0.71
rand_6,0,16,0.562537,1
1.65,0.21,1.42
rand_6,0,7,0.229959,1
1.16,0.21,0.93
rand_6,0,4,0.141059,1
1.12,0.24,0.87
rand_6,0,5,0.170256,1
1.08,0.10,0.96
rand_6,0,4,0.152564,1
1.04,0.16,0.87
rand_6,0,10,0.368080,1
1.35,0.18,1.15
rand_6,0,5,0.146862,1
1.15,0.17,0.98
rand_6,0,7,0.238390,1
1.21,0.24,0.95
rand_6,0,14,0.458777,1
1.51,0.19,1.29
rand_6,0,6,0.193723,1
1.12,0.21,0.89
rand_6,0,9,0.309094,1
1.36,0.16,1.19
rand_6,0,3,0.092160,1
0.96,0.18,0.78
rand_6,0,6,0.196387,1
1.11,0.19,0.91
rand_6,0,3,0.124042,1
1.00,0.20,0.78
rand_6,0,2,0.061371,1
1.01,0.19,0.82
rand_6,0,1,0.000000,1
0.87,0.17,0.69
rand_6,0,2,0.052609,1
0.90,0.15,0.74
rand_6,0,1,0.000000,1
0.96,0.18,0.77
rand_6,0,1,0.000000,1
0.88,0.19,0.68
rand_6,0,17,0.627799,1
1.72,0.18,1.53
rand_6,0,4,0.132634,1
1.00,0.16,0.83
rand_6,0,3,0.093240,1
1.05,0.15,0.88
rand_6,0,2,0.061590,1
0.93,0.15,0.77
rand_6,0,5,0.156469,1
1.06,0.20,0.85
rand_6,0,38,1.360799,1
2.78,0.24,2.53
rand_6,0,4,0.139252,1
1.14,0.23,0.90
rand_6,0,7,0.239078,1
1.20,0.21,0.97
rand_6,0,8,0.274387,1
1.20,0.15,1.05
rand_6,0,1,0.000000,1
0.86,0.15,0.69
rand_6,0,21,0.706826,1
1.96,0.24,1.71
rand_6,0,18,0.613603,1
1.73,0.14,1.57
rand_6,0,27,0.929284,1
2.17,0.17,1.98
rand_6,0,8,0.275035,1
1.24,0.21,1.01
rand_6,0,2,0.052749,1
1.00,0.16,0.83
rand_6,0,2,0.062316,1
0.92,0.13,0.78
rand_6,0,1,0.000000,1
0.86,0.17,0.68
rand_6,0,4,0.112285,1
0.99,0.15,0.83
rand_6,0,1,0.000000,1
1.00,0.26,0.72
rand_6,0,16,0.537765,1
1.62,0.23,1.37
rand_6,0,2,0.053320,1
0.91,0.16,0.74
rand_6,0,10,0.297346,1
1.27,0.20,1.06
rand_6,0,5,0.159015,1
1.18,0.13,1.03
rand_6,0,4,0.121293,1
1.03,0.10,0.91
rand_6,0,5,0.169217,1
1.09,0.19,0.88
rand_6,0,9,0.271196,1
1.24,0.22,1.02
rand_6,0,3,0.105491,1
1.10,0.21,0.86
rand_6,0,1,0.000000,1
0.86,0.15,0.70
rand_6,0,2,0.060215,1
0.92,0.21,0.70
rand_6,0,14,0.505894,1
1.56,0.13,1.42
rand_6,0,1,0.000000,1
0.95,0.15,0.80
rand_6,0,5,0.167430,1
1.10,0.18,0.90
rand_6,0,6,0.177211,1
1.09,0.15,0.93
rand_6,0,6,0.185616,1
1.11,0.11,0.99
rand_6,0,8,0.287512,1
1.34,0.24,1.09
rand_6,0,31,1.070484,1
2.39,0.27,2.11
rand_6,0,1,0.000000,1
0.86,0.13,0.72
rand_6,0,8,0.290225,1
1.23,0.19,1.04
rand_6,0,14,0.524920,1
1.69,0.20,1.46
rand_6,0,6,0.198977,1
1.13,0.14,0.97
rand_6,0,16,0.510616,1
1.57,0.13,1.43
rand_6,0,1,0.000000,1
0.85,0.12,0.72
rand_6,0,1,0.000000,1
0.96,0.16,0.80
rand_6,0,2,0.060253,1
0.94,0.14,0.79
rand_6,0,10,0.334531,1
1.33,0.18,1.12
rand_6,0,26,0.935668,1
2.16,0.19,1.97
rand_6,0,25,0.931147,1
2.28,0.28,1.99
rand_6,0,6,0.228579,1
1.16,0.12,1.03
rand_6,0,1,0.000000,1
0.85,0.18,0.66
rand_6,0,8,0.251171,1
1.19,0.15,1.03
rand_6,0,17,0.597807,1
1.83,0.24,1.56
rand_6,0,17,0.573809,1
1.67,0.15,1.51
rand_6,0,2,0.060858,1
0.90,0.19,0.70
rand_6,0,6,0.215513,1
1.14,0.15,0.97
rand_6,0,2,0.074016,1
1.03,0.19,0.84
rand_6,0,7,0.243759,1
1.17,0.15,1.01
rand_6,0,5,0.148384,1
1.04,0.22,0.81
rand_6,0,3,0.103725,1
0.97,0.18,0.78
rand_6,0,2,0.053768,1
1.03,0.19,0.82
rand_6,0,2,0.053702,1
0.92,0.11,0.80
rand_6,0,11,0.340377,1
1.33,0.21,1.10
rand_6,0,1,0.000000,1
0.85,0.15,0.69
rand_6,0,8,0.247507,1
1.30,0.21,1.10
rand_6,0,5,0.181242,1
1.10,0.17,0.92
rand_6,0,1,0.000000,1
0.87,0.12,0.73
rand_6,0,4,0.118320,1
1.00,0.21,0.78
rand_6,0,19,0.693730,1
1.93,0.26,1.66
rand_6,0,31,1.011128,1
2.37,0.24,2.09
rand_6,0,14,0.484924,1
1.51,0.18,1.32
rand_6,0,11,0.357876,1
1.34,0.13,1.21
rand_6,0,5,0.179118,1
1.08,0.13,0.94
rand_6,0,3,0.090160,1
0.95,0.14,0.79
rand_6,0,6,0.193221,1
1.09,0.16,0.92
rand_6,0,15,0.537987,1
1.60,0.19,1.40
rand_6,0,2,0.073543,1
0.91,0.15,0.76
rand_6,0,6,0.211352,1
1.21,0.17,1.03
rand_6,0,12,0.371442,1
1.37,0.15,1.20
rand_6,0,5,0.172036,1
1.06,0.17,0.88
rand_6,0,21,0.701900,1
1.86,0.19,1.66
rand_6,0,3,0.093194,1
0.95,0.14,0.80
rand_6,0,5,0.149692,1
1.04,0.14,0.88
rand_6,0,1,0.000000,1
0.84,0.18,0.65
rand_6,0,9,0.275734,1
1.33,0.20,1.12
rand_6,0,1,0.000000,1
0.85,0.14,0.70
rand_6,0,36,1.316655,1
2.73,0.24,2.46
rand_6,0,4,0.149159,1
1.02,0.15,0.86
rand_6,0,16,0.530421,1
1.59,0.20,1.39
rand_6,0,13,0.459935,1
1.48,0.19,1.27
rand_6,0,1,0.000000,1
0.84,0.14,0.69
rand_6,0,5,0.184923,1
1.17,0.19,0.97
rand_6,0,11,0.350597,1
1.34,0.21,1.12
rand_6,0,10,0.338735,1
1.31,0.23,1.06
rand_6,0,3,0.124742,1
0.98,0.19,0.78
rand_6,0,17,0.594145,1
1.67,0.14,1.51
rand_6,0,9,0.288564,1
1.24,0.14,1.09
rand_6,0,4,0.122042,1
0.99,0.18,0.80
rand_6,0,8,0.271270,1
1.29,0.17,1.12
rand_6,0,1,0.000000,1
0.86,0.18,0.68
rand_6,0,2,0.075079,1
0.91,0.19,0.71
rand_6,0,31,1.096851,1
2.40,0.23,2.16
rand_6,0,13,0.459749,1
1.47,0.17,1.29
rand_6,0,7,0.241135,1
1.17,0.19,0.98
rand_6,0,8,0.295675,1
1.24,0.21,1.01
rand_6,0,3,0.084049,1
1.04,0.12,0.90
rand_6,0,15,0.475639,1
1.52,0.17,1.34
rand_6,0,13,0.417675,1
1.44,0.12,1.32
rand_6,0,19,0.629080,1
1.73,0.28,1.44
rand_6,0,2,0.062396,1
0.90,0.23,0.66
rand_6,0,1,0.000000,1
0.85,0.14,0.69
rand_6,0,1,0.000000,1
0.86,0.20,0.65
rand_6,0,5,0.162122,1
1.15,0.16,0.97
rand_6,0,7,0.218107,1
1.14,0.29,0.85
rand_6,0,6,0.214466,1
1.12,0.20,0.90
rand_6,0,7,0.219562,1
1.15,0.14,1.00
rand_6,0,15,0.482876,1
1.54,0.21,1.32
rand_6,0,3,0.098997,1
0.96,0.15,0.80
rand_6,0,5,0.174435,1
1.07,0.17,0.88
rand_6,0,5,0.165008,1
1.16,0.18,0.97
rand_6,0,4,0.119566,1
1.00,0.21,0.78
rand_6,0,19,0.635882,1
1.74,0.18,1.56
rand_6,0,11,0.361938,1
1.35,0.15,1.18
rand_6,0,1,0.000000,1
0.85,0.14,0.70
rand_6,0,3,0.091598,1
0.94,0.19,0.74
rand_6,0,31,1.036749,1
2.45,0.23,2.21
rand_6,0,9,0.302873,1
1.27,0.11,1.14
rand_6,0,10,0.324732,1
1.31,0.13,1.16
rand_6,0,3,0.099494,1
0.95,0.14,0.80
rand_6,0,8,0.270290,1
1.28,0.21,1.06
rand_6,0,11,0.348862,1
1.35,0.22,1.09
rand_6,0,5,0.147555,1
1.05,0.21,0.82
rand_6,0,8,0.269810,1
1.30,0.18,1.11
rand_6,0,7,0.264519,1
1.18,0.18,1.00
rand_6,0,7,0.269180,1
1.19,0.17,1.00
rand_6,0,5,0.170500,1
1.08,0.17,0.89
rand_6,0,6,0.196240,1
1.11,0.15,0.94
rand_6,0,6,0.194154,1
1.10,0.18,0.91
rand_6,0,5,0.180517,1
1.06,0.20,0.86
rand_6,0,51,1.741497,1
3.35,0.26,3.08
rand_6,0,10,0.330188,1
1.29,0.12,1.16
rand_6,0,2,0.052713,1
0.89,0.20,0.68
rand_6,0,2,0.074048,1
0.92,0.15,0.77
rand_6,0,47,1.763795,1
3.36,0.31,3.02
rand_6,0,36,1.250720,1
2.66,0.14,2.48
rand_6,0,3,0.112795,1
0.98,0.15,0.82
rand_6,0,16,0.549461,1
1.61,0.19,1.41
rand_6,0,2,0.075839,1
0.91,0.17,0.72
rand_6,0,16,0.558146,1
1.63,0.16,1.46
rand_6,0,9,0.332008,1
1.28,0.19,1.07
rand_6,0,3,0.112435,1
0.96,0.15,0.80
rand_6,0,4,0.153002,1
1.02,0.24,0.77
rand_6,0,12,0.423054,1
1.44,0.20,1.22
rand_6,0,19,0.640196,1
1.75,0.17,1.57
rand_6,0,1,0.000000,1
0.84,0.11,0.72
rand_6,0,9,0.335888,1
1.29,0.12,1.16
rand_6,0,2,0.063589,1
0.90,0.19,0.69
rand_6,0,7,0.211195,1
1.13,0.15,0.96
rand_6,0,11,0.388115,1
1.38,0.13,1.23
rand_6,0,11,0.371437,1
1.38,0.22,1.15
rand_6,0,1,0.000000,1
0.89,0.07,0.80
rand_6,0,6,0.196139,1
1.10,0.18,0.91
rand_6,0,52,1.802981,1
3.43,0.23,3.19
rand_6,0,6,0.188510,1
1.09,0.16,0.93
rand_6,0,12,0.394576,1
1.38,0.17,1.21
rand_6,0,3,0.089423,1
0.94,0.21,0.73
rand_6,0,2,0.062198,1
0.89,0.17,0.72
rand_6,0,1,0.000000,1
0.84,0.19,0.65
rand_6,0,22,0.758609,1
1.92,0.24,1.67
rand_6,0,6,0.234063,1
1.14,0.12,1.01
rand_6,0,3,0.089469,1
1.12,0.19,0.92
rand_6,0,4,0.126755,1
1.02,0.15,0.85
rand_6,0,20,0.661064,1
1.78,0.25,1.52
rand_6,0,5,0.170516,1
1.05,0.16,0.88
rand_6,0,2,0.060478,1
0.90,0.13,0.76
rand_6,0,1,0.000000,1
0.85,0.23,0.62
rand_6,0,5,0.177801,1
1.07,0.13,0.92
rand_6,0,2,0.052739,1
0.89,0.17,0.71
rand_6,0,3,0.099281,1
0.95,0.14,0.80
rand_6,0,8,0.263527,1
1.19,0.17,1.01
rand_6,0,2,0.074830,1
0.93,0.16,0.76
rand_6,0,12,0.423540,1
1.42,0.17,1.24
rand_6,0,3,0.082043,1
0.93,0.12,0.80
rand_6,0,4,0.139208,1
1.01,0.15,0.85
rand_6,0,3,0.091906,1
0.94,0.12,0.81
rand_6,0,9,0.312022,1
1.27,0.20,1.06
rand_6,0,32,1.145149,1
2.47,0.28,2.18
rand_6,0,1,0.000000,1
0.84,0.17,0.66
rand_6,0,11,0.346509,1
1.34,0.20,1.13
rand_6,0,24,0.792457,1
1.98,0.25,1.73
rand_6,0,5,0.167684,1
1.05,0.17,0.87
rand_6,0,19,0.659948,1
1.78,0.22,1.53
rand_6,0,7,0.213230,1
1.14,0.21,0.93
rand_6,0,4,0.127835,1
1.00,0.21,0.77
rand_6,0,2,0.058544,1
0.89,0.10,0.78
rand_6,0,13,0.419594,1
1.43,0.27,1.15
rand_6,0,1,0.000000,1
0.84,0.13,0.71
rand_6,0,22,0.749356,1
1.91,0.18,1.71
rand_6,0,3,0.084046,1
0.93,0.21,0.71
rand_6,0,1,0.000000,1
0.84,0.09,0.74
rand_6,0,3,0.082031,1
0.96,0.17,0.78
rand_6,0,1,0.000000,1
0.85,0.14,0.69
rand_6,0,4,0.112554,1
0.97,0.16,0.81
rand_6,0,8,0.253782,1
1.18,0.16,1.01
rand_6,0,4,0.142323,1
1.00,0.19,0.80
rand_6,0,10,0.373293,1
1.35,0.14,1.20
rand_6,0,10,0.360513,1
1.34,0.17,1.15
rand_6,0,30,1.016189,1
2.46,0.25,2.17
rand_6,0,4,0.122582,1
1.04,0.18,0.85
rand_6,0,2,0.052932,1
0.89,0.15,0.74
rand_6,0,10,0.320902,1
1.31,0.20,1.10
rand_6,0,13,0.444295,1
1.46,0.18,1.28
rand_6,0,2,0.052922,1
0.90,0.14,0.75
rand_6,0,5,0.166965,1
1.06,0.15,0.91
rand_6,0,11,0.400703,1
1.39,0.17,1.21
rand_6,0,1,0.000000,1
0.84,0.15,0.68
rand_6,0,3,0.082372,1
0.94,0.23,0.70
rand_6,0,9,0.298833,1
1.26,0.20,1.05
rand_6,0,9,0.273524,1
1.22,0.17,1.04
rand_6,0,2,0.052400,1
0.89,0.18,0.70
rand_6,0,5,0.164708,1
1.04,0.20,0.83
rand_6,0,8,0.269278,1
1.21,0.22,0.97
rand_6,0,13,0.427852,1
1.44,0.17,1.25
rand_6,0,1,0.000000,1
0.84,0.13,0.70
rand_6,0,2,0.052724,1
0.89,0.22,0.65
rand_6,0,4,0.119026,1
0.98,0.10,0.87
rand_6,0,1,0.000000,1
0.86,0.09,0.75
rand_6,0,2,0.054044,1
0.89,0.16,0.73
rand_6,0,14,0.471217,1
1.49,0.23,1.25
rand_6,0,1,0.000000,1
0.84,0.13,0.70
rand_6,0,3,0.091228,1
0.94,0.12,0.81
rand_6,0,2,0.053358,1
0.90,0.19,0.70
rand_6,0,3,0.112696,1
0.97,0.16,0.79
rand_6,0,8,0.238753,1
1.16,0.19,0.95
rand_6,0,8,0.241482,1
1.17,0.17,1.00
rand_6,0,29,0.989286,1
2.26,0.24,2.00
rand_6,0,1,0.000000,1
0.84,0.14,0.69
rand_6,0,18,0.640257,1
1.74,0.11,1.60
rand_6,0,6,0.195920,1
1.10,0.15,0.94
rand_6,0,2,0.073529,1
0.92,0.17,0.74
rand_6,0,4,0.149819,1
1.18,0.19,0.98
rand_6,0,9,0.329998,1
1.28,0.17,1.10
rand_6,0,13,0.441991,1
1.45,0.18,1.26
rand_6,0,9,0.281383,1
1.25,0.18,1.04
rand_6,0,13,0.447284,1
1.47,0.16,1.31
rand_6,0,23,0.750328,1
1.92,0.16,1.75
rand_6,0,9,0.324929,1
1.31,0.25,1.05
rand_6,0,6,0.170873,1
1.08,0.18,0.89
rand_6,0,1,0.000000,1
0.85,0.20,0.64
rand_6,0,9,0.290821,1
1.23,0.12,1.10
rand_6,0,1,0.000000,1
0.85,0.16,0.68
rand_6,0,9,0.279463,1
1.23,0.18,1.04
rand_6,0,7,0.244315,1
1.17,0.21,0.95
rand_6,0,11,0.382654,1
1.36,0.15,1.19
rand_6,0,10,0.368384,1
1.33,0.15,1.18
rand_6,0,17,0.534461,1
1.62,0.17,1.44
rand_6,0,8,0.264205,1
1.20,0.16,1.02
rand_6,0,1,0.000000,1
0.85,0.14,0.70
rand_6,0,18,0.610331,1
1.71,0.17,1.53
rand_6,0,13,0.431216,1
1.48,0.17,1.30
rand_6,0,3,0.083513,1
0.93,0.21,0.72
rand_6,0,9,0.333588,1
1.29,0.20,1.08
rand_6,0,9,0.307777,1
1.26,0.16,1.09
rand_6,0,21,0.751014,1
1.90,0.17,1.70
rand_6,0,9,0.313928,1
1.28,0.14,1.11
rand_6,0,7,0.226290,1
1.14,0.23,0.91
rand_6,0,1,0.000000,1
0.84,0.18,0.66
rand_6,0,6,0.199297,1
1.11,0.17,0.92
rand_6,0,4,0.136586,1
0.99,0.15,0.84
rand_6,0,17,0.559144,1
1.63,0.22,1.40
rand_6,0,9,0.275384,1
1.22,0.19,1.02
rand_6,0,1,0.000000,1
0.85,0.17,0.66
rand_6,0,9,0.324480,1
1.28,0.13,1.13
rand_6,0,13,0.443456,1
1.45,0.16,1.28
rand_6,0,7,0.219185,1
1.13,0.16,0.96
rand_6,0,6,0.205453,1
1.10,0.27,0.82
rand_6,0,1,0.000000,1
0.84,0.15,0.68
rand_6,0,13,0.450326,1
1.47,0.22,1.24
rand_6,0,5,0.156867,1
1.06,0.16,0.90
rand_6,0,10,0.313866,1
1.28,0.15,1.12
rand_6,0,7,0.236714,1
1.14,0.17,0.97
rand_6,0,15,0.459385,1
1.50,0.11,1.37
rand_6,0,4,0.139685,1
0.99,0.16,0.82
rand_6,0,1,0.000000,1
0.85,0.24,0.60
rand_6,0,6,0.189379,1
1.10,0.17,0.91
rand_6,0,2,0.053552,1
0.88,0.21,0.67
rand_6,0,4,0.141075,1
1.00,0.20,0.80
rand_6,0,4,0.128575,1
0.99,0.14,0.84
rand_6,0,3,0.100646,1
0.96,0.18,0.77
rand_6,0,6,0.179316,1
1.08,0.18,0.89
rand_6,0,7,0.244382,1
1.38,0.20,1.16
rand_6,0,16,0.637265,1
1.70,0.28,1.41
rand_6,0,18,0.604765,1
1.73,0.09,1.63
rand_6,0,3,0.083696,1
0.94,0.21,0.72
rand_6,0,5,0.173842,1
1.06,0.16,0.89
rand_6,0,6,0.193212,1
1.09,0.15,0.93
rand_6,0,2,0.054759,1
0.91,0.15,0.75
rand_6,0,1,0.000000,1
0.84,0.11,0.73
rand_6,0,1,0.000000,1
0.86,0.13,0.72
rand_6,0,20,0.708377,1
1.84,0.18,1.65
rand_6,0,6,0.238756,1
1.14,0.20,0.94
rand_6,0,2,0.052699,1
0.89,0.16,0.72
rand_6,0,17,0.632556,1
1.72,0.17,1.54
rand_6,0,6,0.182138,1
1.08,0.12,0.94
rand_6,0,4,0.129632,1
1.00,0.16,0.83
rand_6,0,21,0.702970,1
1.86,0.25,1.60
rand_6,0,20,0.694349,1
1.83,0.24,1.57
rand_6,0,1,0.000000,1
0.85,0.14,0.70
rand_6,0,24,0.828824,1
2.03,0.21,1.80
rand_6,0,12,0.415363,1
1.42,0.19,1.21
rand_6,0,2,0.053019,1
0.89,0.20,0.69
rand_6,0,5,0.158659,1
1.04,0.15,0.88
rand_6,0,4,0.133593,1
1.02,0.12,0.89
rand_6,0,10,0.334624,1
1.30,0.24,1.05
rand_6,0,9,0.292720,1
1.23,0.15,1.07
rand_6,0,6,0.187363,1
1.08,0.24,0.84
rand_6,0,14,0.456173,1
1.49,0.21,1.27
rand_6,0,9,0.284801,1
1.23,0.20,1.03
rand_6,0,6,0.212648,1
1.26,0.16,1.09
rand_6,0,17,0.547235,1
1.63,0.24,1.38
rand_6,0,10,0.367607,1
1.33,0.21,1.11
rand_6,0,23,0.742075,1
1.93,0.17,1.73
rand_6,0,11,0.414423,1
1.39,0.14,1.24
rand_6,0,5,0.159720,1
1.06,0.15,0.90
rand_6,0,1,0.000000,1
0.84,0.19,0.64
rand_6,0,5,0.179882,1
1.06,0.19,0.86
rand_6,0,3,0.101100,1
0.96,0.18,0.76
rand_6,0,3,0.103404,1
0.95,0.22,0.73
rand_6,0,1,0.000000,1
0.85,0.12,0.72
rand_6,0,1,0.000000,1
0.84,0.12,0.72
rand_6,0,11,0.401966,1
1.39,0.13,1.24
rand_6,0,1,0.000000,1
0.84,0.16,0.68
rand_6,0,3,0.096220,1
0.94,0.17,0.77
rand_6,0,4,0.131446,1
1.01,0.19,0.81
rand_6,0,1,0.000000,1
0.85,0.16,0.68
rand_6,0,1,0.000000,1
0.84,0.13,0.70
rand_6,0,21,0.695328,1
1.83,0.24,1.59
rand_6,0,13,0.417740,1
1.43,0.15,1.27
rand_6,0,1,0.000000,1
0.84,0.11,0.73
rand_6,0,5,0.177124,1
1.06,0.13,0.91
rand_6,0,4,0.132125,1
0.99,0.17,0.82
rand_6,0,8,0.247679,1
1.18,0.14,1.02
rand_6,0,16,0.572865,1
1.79,0.14,1.65
rand_6,0,2,0.060795,1
0.90,0.20,0.70
rand_6,0,1,0.000000,1
0.84,0.13,0.70
rand_6,0,24,0.851705,1
2.05,0.16,1.88
rand_6,0,11,0.367752,1
1.35,0.18,1.16
rand_6,0,3,0.082211,1
0.94,0.17,0.76
rand_6,0,2,0.061293,1
0.90,0.15,0.73
rand_6,0,2,0.053094,1
0.89,0.15,0.73
rand_6,0,7,0.243956,1
1.18,0.23,0.94
rand_6,0,25,0.809059,1
2.02,0.19,1.82
rand_6,0,11,0.413942,1
1.39,0.12,1.27
rand_6,0,2,0.064409,1
0.91,0.13,0.76
rand_6,0,4,0.125608,1
1.00,0.16,0.83
rand_6,0,27,0.929302,1
2.19,0.26,1.90
rand_6,0,8,0.274565,1
1.21,0.14,1.06
rand_6,0,5,0.206965,1
1.11,0.16,0.92
rand_6,0,16,0.529457,1
1.60,0.25,1.33
rand_6,0,19,0.718859,1
1.83,0.18,1.64
rand_6,0,10,0.343225,1
1.31,0.19,1.11
rand_6,0,4,0.119183,1
0.99,0.16,0.82
rand_6,0,9,0.333636,1
1.29,0.13,1.14
rand_6,0,17,0.648126,1
1.72,0.10,1.61
rand_6,0,3,0.091914,1
0.95,0.11,0.83
rand_6,0,4,0.134408,1
1.00,0.14,0.85
rand_6,0,1,0.000000,1
0.84,0.16,0.67
rand_6,0,1,0.000000,1
0.83,0.16,0.67
rand_6,0,11,0.367645,1
1.34,0.20,1.13
rand_6,0,5,0.165401,1
1.21,0.20,1.00
rand_6,0,3,0.115852,1
0.99,0.15,0.82
rand_6,0,6,0.193894,1
1.09,0.12,0.96
rand_6,0,2,0.064017,1
0.90,0.22,0.67
rand_6,0,8,0.277498,1
1.21,0.21,0.99
rand_6,0,7,0.226396,1
1.16,0.13,1.01
rand_6,0,8,0.252894,1
1.18,0.21,0.96
rand_6,0,8,0.269599,1
1.20,0.18,1.01
rand_6,0,3,0.092009,1
0.94,0.08,0.86
rand_6,0,13,0.434092,1
1.46,0.16,1.28
rand_6,0,15,0.533781,1
1.59,0.18,1.40
rand_6,0,2,0.060520,1
0.89,0.13,0.75
qrcode_5,0,335,12.665477,1
19.95,1.42,18.43
qrcode_5,0,28,1.172926,1
2.94,0.27,2.65
qrcode_5,0,39,1.454149,1
3.22,0.25,2.91
qrcode_5,0,76,2.829603,1
4.93,0.34,4.57
qrcode_5,0,355,13.024091,1
19.69,0.72,18.90
qrcode_5,0,49,1.798412,1
3.43,0.19,3.21
qrcode_5,0,31,1.117156,1
2.58,0.20,2.36
qrcode_5,0,52,1.883709,1
3.59,0.27,3.31
qrcode_5,0,29,1.010670,1
2.33,0.22,2.09
qrcode_5,0,22,0.823325,1
2.03,0.18,1.84
qrcode_5,0,388,14.161378,1
21.35,1.03,20.26
qrcode_5,0,4,0.132139,1
1.03,0.15,0.88
qrcode_5,0,24,0.877766,1
2.12,0.23,1.88
qrcode_5,0,240,8.759269,1
13.64,0.67,12.92
qrcode_5,0,155,5.647822,1
9.00,0.46,8.52
qrcode_5,0,37,1.329350,1
2.78,0.28,2.48
qrcode_5,0,214,7.797868,1
12.13,0.52,11.55
qrcode_5,0,27,1.005839,1
2.30,0.32,1.97
qrcode_5,0,20,0.716087,1
1.87,0.25,1.62
qrcode_5,0,128,4.646450,1
7.66,0.37,7.27
qrcode_5,0,281,10.236331,1
15.68,0.55,15.08
qrcode_5,0,169,6.093734,1
9.70,0.45,9.21
qrcode_5,0,59,2.113852,1
3.91,0.22,3.68
qrcode_5,0,182,6.620725,1
10.44,0.51,9.89
qrcode_5,0,43,1.515880,1
3.06,0.28,2.77
qrcode_5,0,80,2.882220,1
5.16,0.22,4.90
qrcode_5,0,171,6.231839,1
9.89,0.53,9.33
qrcode_5,0,46,1.687495,1
3.35,0.35,2.93
qrcode_5,0,39,1.419672,1
3.00,0.18,2.78
qrcode_5,0,270,9.862955,1
15.28,0.70,14.34
qrcode_5,0,135,4.887594,1
8.00,0.36,7.55
qrcode_5,0,136,4.900863,1
7.96,0.34,7.59
qrcode_5,0,46,1.659068,1
3.26,0.27,2.98
qrcode_5,0,195,7.133381,1
11.25,0.61,10.53
qrcode_5,0,77,2.819108,1
5.01,0.36,4.61
qrcode_5,0,87,3.156602,1
5.41,0.35,5.05
qrcode_5,0,14,0.495109,1
1.61,0.23,1.36
qrcode_5,0,151,5.517252,1
8.94,0.46,8.41
qrcode_5,0,10,0.375303,1
1.42,0.20,1.19
qrcode_5,0,72,2.583071,1
4.69,0.30,4.27
qrcode_5,0,25,0.917591,1
2.18,0.17,1.99
qrcode_5,0,202,7.292904,1
11.50,0.55,10.84
qrcode_5,0,19,0.707201,1
1.97,0.16,1.78
qrcode_5,0,18,0.650948,1
1.79,0.17,1.61
qrcode_5,0,31,1.097837,1
2.45,0.16,2.27
qrcode_5,0,390,14.312920,1
21.80,0.86,20.62
qrcode_5,0,75,2.707904,1
4.78,0.32,4.45
qrcode_5,0,168,6.179715,1
9.85,0.55,9.19
qrcode_5,0,15,0.540774,1
1.63,0.12,1.48
qrcode_5,0,241,8.711553,1
13.54,0.70,12.74
qrcode_5,0,39,1.405873,1
3.00,0.26,2.70
qrcode_5,0,44,1.599663,1
3.17,0.27,2.88
qrcode_5,0,75,2.784660,1
4.89,0.32,4.52
qrcode_5,0,195,7.118965,1
11.22,0.62,10.47
qrcode_5,0,67,2.433075,1
4.36,0.31,4.02
qrcode_5,0,116,4.234703,1
7.15,0.32,6.72
qrcode_5,0,334,12.149036,1
18.49,0.81,17.58
qrcode_5,0,5,0.171792,1
1.10,0.21,0.87
qrcode_5,0,247,9.074004,1
14.06,0.61,13.31
qrcode_5,0,92,3.310632,1
5.76,0.36,5.37
qrcode_5,0,55,2.010229,1
3.82,0.24,3.50
qrcode_5,0,101,3.664649,1
6.16,0.26,5.86
qrcode_5,0,211,7.569068,1
12.04,0.66,11.27
qrcode_5,0,172,6.234599,1
10.00,0.51,9.35
qrcode_5,0,433,15.651142,1
23.72,0.95,22.52
qrcode_5,0,91,3.366324,1
5.73,0.30,5.39
qrcode_5,0,133,4.882911,1
8.03,0.46,7.49
qrcode_5,0,404,14.618594,1
22.25,1.11,20.87
qrcode_5,0,1,0.000000,1
0.89,0.11,0.76
qrcode_5,0,16,0.595087,1
1.80,0.20,1.59
qrcode_5,0,128,4.657538,1
7.60,0.37,7.20
qrcode_5,0,16,0.569438,1
1.66,0.23,1.43
qrcode_5,0,13,0.471279,1
1.52,0.21,1.30
qrcode_5,0,443,16.100648,1
24.20,1.08,23.00
qrcode_5,0,9,0.323004,1
1.30,0.20,1.09
qrcode_5,0,409,14.999630,1
22.80,1.19,21.31
qrcode_5,0,54,1.956517,1
3.71,0.28,3.38
qrcode_5,0,8,0.290985,1
1.26,0.14,1.12
qrcode_5,0,243,9.033842,1
13.98,0.70,13.13
qrcode_5,0,55,1.988462,1
3.78,0.24,3.49
qrcode_5,0,18,0.661692,1
1.81,0.14,1.64
qrcode_5,0,223,8.098347,1
12.60,0.57,11.97
qrcode_5,0,55,2.021351,1
3.74,0.24,3.49
qrcode_5,0,15,0.543488,1
1.62,0.22,1.40
qrcode_5,0,24,0.880059,1
2.22,0.26,1.95
qrcode_5,0,37,1.320998,1
2.77,0.26,2.50
qrcode_5,0,38,1.358464,1
2.82,0.26,2.54
qrcode_5,0,61,2.257776,1
4.05,0.32,3.72
qrcode_5,0,52,1.866742,1
3.52,0.23,3.27
qrcode_5,0,290,10.429976,1
15.94,0.69,15.18
qrcode_5,0,16,0.587422,1
1.75,0.25,1.48
qrcode_5,0,19,0.680351,1
1.81,0.16,1.64
qrcode_5,0,286,10.412767,1
15.97,0.65,15.11
qrcode_5,0,207,7.481355,1
11.70,0.61,10.97
qrcode_5,0,221,7.831944,1
12.36,0.26,11.99
qrcode_5,0,129,4.699191,1
7.66,0.52,7.03
qrcode_5,0,122,4.475641,1
7.30,0.41,6.82
qrcode_5,0,40,1.433848,1
2.97,0.23,2.73
qrcode_5,0,3,0.104464,1
0.97,0.14,0.82
qrcode_5,0,86,3.156438,1
5.42,0.40,4.94
qrcode_5,0,119,4.281156,1
7.01,0.38,6.61
qrcode_5,0,726,26.630082,1
39.48,1.28,37.85
qrcode_5,0,230,8.181549,1
12.72,0.43,12.24
qrcode_5,0,19,0.699849,1
1.82,0.17,1.64
qrcode_5,0,50,1.818333,1
3.45,0.23,3.19
qrcode_5,0,361,13.074780,1
19.94,0.88,18.88
qrcode_5,0,439,16.004461,1
24.08,1.00,22.91
qrcode_5,0,48,1.722859,1
3.31,0.27,3.02
qrcode_5,0,210,7.622586,1
11.87,0.56,11.22
qrcode_5,0,209,7.579698,1
11.95,0.58,11.22
qrcode_5,0,2,0.060220,1
0.91,0.16,0.74
qrcode_5,0,6,0.209949,1
1.14,0.15,0.97
qrcode_5,0,18,0.648349,1
1.84,0.22,1.60
qrcode_5,0,379,13.663605,1
20.77,0.93,19.62
qrcode_5,0,58,2.080626,1
3.83,0.30,3.52
qrcode_5,0,41,1.527698,1
3.03,0.20,2.79
qrcode_5,0,1,0.000000,1
0.85,0.11,0.73
qrcode_5,0,170,6.141559,1
9.68,0.43,9.22
qrcode_5,0,289,10.471613,1
16.04,0.70,15.30
qrcode_5,0,274,10.037787,1
15.32,0.64,14.65
qrcode_5,0,353,12.899585,1
19.49,0.69,18.69
qrcode_5,0,349,12.749871,1
19.21,0.85,18.31
qrcode_5,0,255,9.493047,1
14.51,0.81,13.66
qrcode_5,0,16,0.566365,1
1.64,0.17,1.46
qrcode_5,0,78,2.788097,1
4.86,0.27,4.59
qrcode_5,0,38,1.369226,1
2.90,0.31,2.57
qrcode_5,0,169,6.214994,1
9.76,0.56,9.18
qrcode_5,0,71,2.565638,1
4.53,0.25,4.26
qrcode_5,0,4,0.138354,1
1.01,0.10,0.90
qrcode_5,0,7,0.256941,1
1.27,0.19,1.07
qrcode_5,0,496,17.873415,1
26.72,1.17,25.43
qrcode_5,0,63,2.327941,1
4.19,0.23,3.95
qrcode_5,0,21,0.747338,1
1.91,0.25,1.65
qrcode_5,0,193,6.920141,1
10.95,0.48,10.42
qrcode_5,0,1,0.000000,1
0.85,0.17,0.67
qrcode_5,0,126,4.575693,1
7.45,0.40,7.01
qrcode_5,0,5,0.169327,1
1.06,0.22,0.83
qrcode_5,0,1,0.000000,1
0.85,0.19,0.65
qrcode_5,0,104,3.813007,1
6.35,0.39,5.90
qrcode_5,0,135,4.918795,1
7.90,0.42,7.46
qrcode_5,0,2,0.069539,1
0.99,0.17,0.81
qrcode_5,0,45,1.612529,1
3.17,0.27,2.89
qrcode_5,0,136,4.919932,1
8.02,0.60,7.41
qrcode_5,0,323,11.727371,1
17.85,0.64,17.16
qrcode_5,0,258,9.355758,1
14.50,0.60,13.72
qrcode_5,0,116,4.181109,1
6.92,0.41,6.45
qrcode_5,0,250,8.951549,1
13.89,0.71,13.14
qrcode_5,0,138,5.074643,1
8.13,0.37,7.71
qrcode_5,0,137,4.891308,1
7.91,0.41,7.48
qrcode_5,0,187,6.833827,1
10.78,0.57,10.14
qrcode_5,0,76,2.711608,1
4.76,0.26,4.48
qrcode_5,0,345,12.460441,1
18.87,0.84,17.93
qrcode_5,0,22,0.784753,1
2.10,0.25,1.82
qrcode_5,0,71,2.552651,1
4.54,0.34,4.18
qrcode_5,0,34,1.211903,1
2.58,0.17,2.39
qrcode_5,0,77,2.815976,1
4.96,0.38,4.56
qrcode_5,0,92,3.335144,1
5.65,0.31,5.30
qrcode_5,0,3,0.096268,1
0.95,0.18,0.77
qrcode_5,0,45,1.609208,1
3.16,0.23,2.91
qrcode_5,0,10,0.369863,1
1.34,0.19,1.14
qrcode_5,0,32,1.168321,1
2.50,0.25,2.24
qrcode_5,0,63,2.248855,1
4.09,0.30,3.76
qrcode_5,0,35,1.265324,1
2.73,0.34,2.38
qrcode_5,0,623,22.595490,1
33.58,1.42,31.95
qrcode_5,0,511,18.340193,1
27.42,1.19,26.16
qrcode_5,0,47,1.707311,1
3.30,0.32,2.96
qrcode_5,0,42,1.542131,1
3.12,0.27,2.83
qrcode_5,0,68,2.507224,1
4.43,0.28,4.13
qrcode_5,0,40,1.461750,1
2.94,0.27,2.65
qrcode_5,0,50,1.826003,1
3.55,0.39,3.12
qrcode_5,0,251,9.073318,1
13.96,0.65,13.25
qrcode_5,0,284,10.252131,1
15.63,0.68,14.91
qrcode_5,0,216,7.851308,1
12.19,0.51,11.57
qrcode_5,0,136,5.028286,1
8.13,0.41,7.60
qrcode_5,0,49,1.764825,1
3.47,0.31,3.14
qrcode_5,0,66,2.432441,1
4.33,0.36,3.92
qrcode_5,0,77,2.751582,1
4.83,0.25,4.55
qrcode_5,0,31,1.142075,1
2.54,0.17,2.35
qrcode_5,0,179,6.543425,1
10.25,0.49,9.72
qrcode_5,0,113,4.059578,1
6.70,0.42,6.26
qrcode_5,0,83,3.120752,1
5.29,0.22,5.04
qrcode_5,0,99,3.622917,1
6.02,0.30,5.71
qrcode_5,0,71,2.566648,1
4.52,0.39,4.11
qrcode_5,0,460,16.872293,1
25.55,1.52,23.80
qrcode_5,0,108,3.914669,1
6.49,0.33,6.12
qrcode_5,0,44,1.541576,1
3.10,0.22,2.83
qrcode_5,0,440,15.857258,1
24.10,0.87,22.88
qrcode_5,0,16,0.595878,1
1.67,0.16,1.50
qrcode_5,0,47,1.720448,1
3.30,0.34,2.93
qrcode_5,0,12,0.420459,1
1.51,0.23,1.28
qrcode_5,0,91,3.266639,1
5.56,0.23,5.30
qrcode_5,0,114,4.172662,1
6.83,0.28,6.53
qrcode_5,0,155,5.640291,1
9.00,0.34,8.58
qrcode_5,0,74,2.677292,1
4.72,0.22,4.44
qrcode_5,0,47,1.685316,1
3.25,0.27,2.96
qrcode_5,0,317,11.580359,1
17.62,0.83,16.61
qrcode_5,0,119,4.211657,1
7.09,0.29,6.72
qrcode_5,0,70,2.549886,1
4.52,0.16,4.32
qrcode_5,0,268,9.715438,1
15.05,0.54,14.25
qrcode_5,0,53,1.888867,1
3.67,0.26,3.35
qrcode_5,0,76,2.710721,1
4.83,0.24,4.50
qrcode_5,0,255,9.182132,1
14.13,0.62,13.42
qrcode_5,0,21,0.763298,1
2.01,0.25,1.74
qrcode_5,0,252,9.141297,1
14.05,0.67,13.30
qrcode_5,0,441,16.017243,1
24.19,1.08,22.80
qrcode_5,0,75,2.682757,1
4.80,0.31,4.47
qrcode_5,0,121,4.339599,1
7.20,0.39,6.69
qrcode_5,0,156,5.673784,1
9.07,0.36,8.60
qrcode_5,0,17,0.593665,1
1.77,0.18,1.57
qrcode_5,0,116,4.093893,1
6.84,0.33,6.43
qrcode_5,0,115,4.178555,1
6.91,0.34,6.48
qrcode_5,0,224,8.246731,1
12.95,0.58,12.13
qrcode_5,0,53,1.884534,1
3.55,0.27,3.26
qrcode_5,0,149,5.400390,1
8.69,0.45,8.14
qrcode_5,0,22,0.762424,1
1.94,0.20,1.73
qrcode_5,0,364,13.199801,1
20.25,0.69,19.24
qrcode_5,0,162,5.878531,1
9.37,0.43,8.84
qrcode_5,0,50,1.816730,1
3.52,0.28,3.16
qrcode_5,0,160,5.847147,1
9.35,0.41,8.87
qrcode_5,0,79,2.839155,1
4.93,0.39,4.53
qrcode_5,0,164,5.892648,1
9.41,0.46,8.85
qrcode_5,0,116,4.219581,1
6.97,0.53,6.41
qrcode_5,0,8,0.293947,1
1.33,0.21,1.10
qrcode_5,0,19,0.702016,1
1.89,0.16,1.72
qrcode_5,0,34,1.265925,1
2.62,0.22,2.38
qrcode_5,0,9,0.301776,1
1.36,0.18,1.17
qrcode_5,0,5,0.181290,1
1.08,0.18,0.89
qrcode_5,0,43,1.570781,1
3.08,0.24,2.82
qrcode_5,0,387,13.958609,1
21.15,0.82,20.14
qrcode_5,0,52,1.885994,1
3.55,0.26,3.27
qrcode_5,0,174,6.290698,1
9.98,0.49,9.40
qrcode_5,0,35,1.276790,1
2.72,0.26,2.39
qrcode_5,0,81,2.941655,1
5.18,0.33,4.77
qrcode_5,0,74,2.639505,1
4.69,0.24,4.40
qrcode_5,0,73,2.662025,1
4.64,0.27,4.36
qrcode_5,0,31,1.098958,1
2.49,0.22,2.25
qrcode_5,0,141,5.155362,1
8.28,0.32,7.89
qrcode_5,0,57,2.076825,1
3.86,0.29,3.51
qrcode_5,0,126,4.615656,1
7.46,0.37,7.07
qrcode_5,0,26,0.952881,1
2.23,0.16,2.01
qrcode_5,0,123,4.466986,1
7.27,0.44,6.78
qrcode_5,0,176,6.326724,1
10.05,0.43,9.60
qrcode_5,0,7,0.260009,1
1.29,0.19,1.07
qrcode_5,0,40,1.454695,1
2.92,0.32,2.56
qrcode_5,0,41,1.481768,1
3.05,0.30,2.71
qrcode_5,0,95,3.464495,1
5.85,0.32,5.49
qrcode_5,0,310,11.545930,1
17.37,0.98,16.29
qrcode_5,0,219,7.998653,1
12.47,0.62,11.68
qrcode_5,0,63,2.315212,1
4.16,0.32,3.81
qrcode_5,0,394,14.392245,1
21.80,0.91,20.65
qrcode_5,0,147,5.314076,1
8.61,0.57,7.96
qrcode_5,0,31,1.105740,1
2.42,0.23,2.18
qrcode_5,0,14,0.490417,1
1.61,0.19,1.41
qrcode_5,0,177,6.499468,1
10.26,0.45,9.67
qrcode_5,0,24,0.876617,1
2.08,0.26,1.81
qrcode_5,0,185,6.812043,1
10.68,0.56,10.01
qrcode_5,0,151,5.442667,1
8.85,0.44,8.30
qrcode_5,0,2,0.060984,1
0.92,0.12,0.79
qrcode_5,0,53,1.962492,1
3.67,0.27,3.38
qrcode_5,0,30,1.062113,1
2.35,0.20,2.14
qrcode_5,0,117,4.316690,1
7.03,0.43,6.55
qrcode_5,0,89,3.201163,1
5.57,0.47,5.06
qrcode_5,0,18,0.644559,1
1.76,0.25,1.50
qrcode_5,0,98,3.538539,1
5.93,0.33,5.58
qrcode_5,0,57,2.111472,1
3.92,0.27,3.64
qrcode_5,0,121,4.308121,1
7.09,0.39,6.68
qrcode_5,0,122,4.398526,1
7.22,0.37,6.81
qrcode_5,0,169,6.183190,1
9.84,0.50,9.22
qrcode_5,0,72,2.587402,1
4.66,0.26,4.38
qrcode_5,0,3,0.096595,1
0.96,0.12,0.84
qrcode_5,0,10,0.363463,1
1.36,0.18,1.16
qrcode_5,0,74,2.748138,1
4.77,0.28,4.47
qrcode_5,0,140,5.076768,1
8.24,0.39,7.81
qrcode_5,0,129,4.621224,1
7.57,0.43,7.06
qrcode_5,0,12,0.421663,1
1.43,0.15,1.27
qrcode_5,0,147,5.283384,1
8.49,0.38,8.04
qrcode_5,0,8,0.284916,1
1.22,0.22,1.00
qrcode_5,0,229,8.348752,1
12.84,0.54,12.27
qrcode_5,0,122,4.396085,1
7.27,0.39,6.86
qrcode_5,0,125,4.524720,1
7.35,0.41,6.93
qrcode_5,0,116,4.239660,1
6.95,0.45,6.43
qrcode_5,0,136,4.950890,1
8.08,0.42,7.64
qrcode_5,0,46,1.666827,1
3.23,0.24,2.97
qrcode_5,0,61,2.237464,1
4.03,0.33,3.68
qrcode_5,0,239,8.740071,1
13.57,0.73,12.78
qrcode_5,0,96,3.520717,1
5.89,0.40,5.47
qrcode_5,0,41,1.429333,1
2.97,0.23,2.72
qrcode_5,0,246,8.888709,1
13.68,0.58,13.07
qrcode_5,0,15,0.529503,1
1.58,0.22,1.34
qrcode_5,0,120,4.375502,1
7.15,0.41,6.68
qrcode_5,0,92,3.319118,1
5.72,0.22,5.46
qrcode_5,0,217,7.798092,1
12.11,0.48,11.61
qrcode_5,0,121,4.411308,1
7.21,0.30,6.89
qrcode_5,0,59,2.093894,1
3.88,0.16,3.69
qrcode_5,0,74,2.667441,1
4.79,0.31,4.44
qrcode_5,0,300,10.864476,1
16.52,0.66,15.78
qrcode_5,0,48,1.706242,1
3.30,0.23,3.06
qrcode_5,0,17,0.597534,1
1.69,0.15,1.53
qrcode_5,0,26,0.937755,1
2.25,0.24,1.99
qrcode_5,0,115,4.134521,1
6.83,0.34,6.43
qrcode_5,0,2,0.058722,1
0.90,0.15,0.74
qrcode_5,0,54,1.939075,1
3.62,0.25,3.36
qrcode_5,0,32,1.214839,1
2.55,0.20,2.34
qrcode_5,0,107,3.898317,1
6.43,0.41,5.99
qrcode_5,0,7,0.248125,1
1.17,0.25,0.91
qrcode_5,0,188,6.862534,1
10.84,0.53,10.26
qrcode_5,0,110,3.974150,1
6.57,0.39,6.14
qrcode_5,0,48,1.804301,1
3.40,0.20,3.17
qrcode_5,0,104,3.738816,1
6.24,0.40,5.80
qrcode_5,0,209,7.447349,1
11.72,0.61,11.07
qrcode_5,0,162,5.899529,1
9.33,0.54,8.76
qrcode_5,0,88,3.192670,1
5.46,0.34,5.07
qrcode_5,0,465,16.772221,1
25.18,0.97,24.10
qrcode_5,0,243,8.860559,1
13.68,0.52,13.03
qrcode_5,0,30,1.080585,1
2.38,0.19,2.17
qrcode_5,0,106,3.845471,1
6.45,0.32,6.10
qrcode_5,0,145,5.373714,1
8.61,0.61,7.98
qrcode_5,0,177,6.483263,1
10.16,0.50,9.61
qrcode_5,0,24,0.882694,1
2.17,0.24,1.92
qrcode_5,0,81,2.972092,1
5.09,0.34,4.73
qrcode_5,0,312,11.157575,1
17.00,0.56,16.37
qrcode_5,0,58,2.089611,1
3.94,0.30,3.61
qrcode_5,0,137,4.990620,1
8.02,0.40,7.59
qrcode_5,0,313,11.601676,1
17.46,1.03,16.39
qrcode_5,0,413,15.054796,1
22.62,1.04,21.52
qrcode_5,0,81,2.908504,1
5.04,0.28,4.73
qrcode_5,0,12,0.437954,1
1.52,0.19,1.31
qrcode_5,0,61,2.162750,1
4.04,0.24,3.79
qrcode_5,0,55,1.971147,1
3.71,0.26,3.41
qrcode_5,0,175,6.524469,1
10.29,0.88,9.36
qrcode_5,0,134,4.942666,1
7.94,0.38,7.52
qrcode_5,0,130,4.730212,1
7.65,0.41,7.20
qrcode_5,0,114,4.065248,1
6.75,0.37,6.36
qrcode_5,0,133,4.780606,1
7.74,0.46,7.25
qrcode_5,0,32,1.181626,1
2.61,0.27,2.32
qrcode_5,0,452,16.425838,1
24.53,0.88,23.58
qrcode_5,0,127,4.651083,1
7.54,0.38,7.07
qrcode_5,0,54,1.941431,1
3.70,0.20,3.50
qrcode_5,0,69,2.449848,1
4.38,0.31,4.05
qrcode_5,0,19,0.698283,1
1.82,0.23,1.58
qrcode_5,0,34,1.207147,1
2.65,0.25,2.38
qrcode_5,0,23,0.828767,1
2.02,0.17,1.83
qrcode_5,0,99,3.574565,1
5.97,0.37,5.58
qrcode_5,0,85,3.053138,1
5.23,0.35,4.86
qrcode_5,0,62,2.251398,1
4.08,0.17,3.87
qrcode_5,0,29,1.038151,1
2.34,0.18,2.14
qrcode_5,0,178,6.407425,1
10.17,0.55,9.55
qrcode_5,0,183,6.619790,1
10.52,0.57,9.89
qrcode_5,0,16,0.597975,1
1.67,0.25,1.41
qrcode_5,0,12,0.417247,1
1.42,0.15,1.25
qrcode_5,0,88,3.215304,1
5.55,0.32,5.18
qrcode_5,0,33,1.198904,1
2.56,0.25,2.29
qrcode_5,0,19,0.712664,1
1.85,0.16,1.65
qrcode_5,0,213,7.736006,1
11.99,0.65,11.31
qrcode_5,0,38,1.333238,1
2.76,0.19,2.55
qrcode_5,0,42,1.513637,1
3.07,0.27,2.78
qrcode_5,0,315,11.466337,1
17.54,0.76,16.63
qrcode_5,0,53,1.903904,1
3.58,0.22,3.34
qrcode_5,0,434,15.696657,1
23.53,0.99,22.47
qrcode_5,0,28,1.022141,1
2.38,0.27,2.10
qrcode_5,0,79,2.812630,1
4.90,0.27,4.60
qrcode_5,0,598,21.764296,1
32.62,1.32,30.74
qrcode_5,0,116,4.155264,1
6.99,0.28,6.57
qrcode_5,0,55,1.993796,1
3.72,0.20,3.47
qrcode_5,0,80,2.850614,1
5.10,0.36,4.72
qrcode_5,0,18,0.616376,1
1.73,0.19,1.53
qrcode_5,0,340,12.306759,1
18.70,0.72,17.84
qrcode_5,0,41,1.452514,1
2.92,0.23,2.67
qrcode_5,0,87,3.169003,1
5.44,0.37,5.05
qrcode_5,0,24,0.834703,1
2.03,0.22,1.80
qrcode_5,0,199,7.260379,1
11.29,0.48,10.75
qrcode_5,0,156,5.722454,1
9.22,0.52,8.60
qrcode_5,0,84,3.068161,1
5.30,0.37,4.87
qrcode_5,0,43,1.579293,1
3.09,0.23,2.85
qrcode_5,0,188,6.899873,1
10.85,0.54,10.26
qrcode_5,0,42,1.503520,1
3.00,0.23,2.75
qrcode_5,0,189,6.958599,1
10.91,0.66,10.12
qrcode_5,0,228,8.416625,1
13.06,0.86,12.14
qrcode_5,0,17,0.648199,1
1.74,0.25,1.48
qrcode_5,0,32,1.182511,1
2.61,0.25,2.34
qrcode_5,0,15,0.537449,1
1.60,0.25,1.34
qrcode_5,0,19,0.691545,1
1.83,0.21,1.61
qrcode_5,0,10,0.339528,1
1.31,0.16,1.13
qrcode_5,0,84,3.037824,1
5.26,0.36,4.82
qrcode_5,0,8,0.274723,1
1.32,0.11,1.19
qrcode_5,0,357,12.977578,1
19.73,0.71,18.76
qrcode_5,0,70,2.503177,1
4.50,0.28,4.14
qrcode_5,0,61,2.258307,1
4.09,0.30,3.76
qrcode_5,0,69,2.431280,1
4.43,0.28,4.07
qrcode_5,0,236,8.576482,1
13.25,0.52,12.64
qrcode_5,0,110,3.917293,1
6.68,0.40,6.16
qrcode_5,0,44,1.589199,1
3.12,0.21,2.90
qrcode_5,0,82,3.003923,1
5.20,0.34,4.79
qrcode_5,0,11,0.397145,1
1.47,0.14,1.32
qrcode_5,0,23,0.833078,1
2.05,0.20,1.82
qrcode_5,0,248,8.989620,1
14.00,0.63,13.12
qrcode_5,0,113,4.072478,1
6.76,0.31,6.36
qrcode_5,0,48,1.774338,1
3.45,0.36,3.08
qrcode_5,0,87,3.115668,1
5.40,0.31,5.00
qrcode_5,0,339,12.329691,1
18.76,0.69,17.85
qrcode_5,0,112,4.073063,1
6.85,0.46,6.29
qrcode_5,0,167,6.060246,1
9.66,0.52,9.03
qrcode_5,0,276,10.056391,1
15.33,0.58,14.71
qrcode_5,0,26,0.913261,1
2.22,0.18,2.03
qrcode_5,0,125,4.531805,1
7.36,0.36,6.97
qrcode_5,0,12,0.405425,1
1.42,0.16,1.26
qrcode_5,0,28,1.014903,1
2.36,0.15,2.21
qrcode_5,0,118,4.239925,1
6.98,0.35,6.60
qrcode_5,0,259,9.498904,1
14.65,0.73,13.87
qrcode_5,0,70,2.503993,1
4.48,0.24,4.18
qrcode_5,0,2,0.057098,1
0.90,0.12,0.78
qrcode_5,0,131,4.728935,1
7.67,0.26,7.38
qrcode_5,0,193,7.109702,1
11.14,0.62,10.48
qrcode_5,0,199,7.244689,1
11.30,0.52,10.74
qrcode_5,0,56,2.031696,1
3.74,0.25,3.49
qrcode_5,0,181,6.585653,1
10.34,0.55,9.76
qrcode_5,0,218,7.991595,1
12.48,0.63,11.75
qrcode_5,0,118,4.255622,1
7.04,0.42,6.52
qrcode_5,0,51,1.809872,1
3.49,0.25,3.17
qrcode_5,0,72,2.586167,1
4.66,0.30,4.33
qrcode_5,0,31,1.132227,1
2.53,0.31,2.19
qrcode_5,0,22,0.773211,1
1.95,0.23,1.71
qrcode_5,0,26,0.971322,1
2.25,0.18,2.00
qrcode_5,0,191,6.998065,1
10.96,0.52,10.35
qrcode_5,0,55,2.017140,1
3.78,0.25,3.49
qrcode_5,0,233,8.474343,1
13.18,0.61,12.48
qrcode_5,0,53,1.972547,1
3.67,0.29,3.36
qrcode_5,0,24,0.850127,1
2.10,0.20,1.84
qrcode_5,0,152,5.527804,1
8.93,0.38,8.48
qrcode_5,0,163,5.854096,1
9.41,0.44,8.83
qrcode_5,0,13,0.462794,1
1.49,0.23,1.25
qrcode_5,0,233,8.386523,1
13.01,0.55,12.36
qrcode_5,0,23,0.853652,1
2.12,0.27,1.84
qrcode_5,0,26,0.908029,1
2.18,0.23,1.89
qrcode_5,0,17,0.603664,1
1.70,0.20,1.47
qrcode_5,0,184,6.679424,1
10.72,0.67,9.95
qrcode_5,0,86,3.104481,1
5.39,0.26,5.08
qrcode_5,0,10,0.343225,1
1.32,0.19,1.12
qrcode_5,0,91,3.345849,1
5.67,0.42,5.23
qrcode_5,0,169,6.150055,1
9.72,0.46,9.20
qrcode_5,0,162,5.800821,1
9.21,0.46,8.72
qrcode_5,0,17,0.602038,1
1.69,0.17,1.52
qrcode_5,0,36,1.305639,1
2.79,0.21,2.56
qrcode_5,0,23,0.828124,1
2.02,0.22,1.79
qrcode_5,0,2,0.062050,1
0.91,0.18,0.72
qrcode_5,0,125,4.539939,1
7.37,0.42,6.92
qrcode_5,0,450,16.319819,1
24.63,0.94,23.47
qrcode_5,0,84,3.130416,1
5.32,0.40,4.88
qrcode_5,0,200,7.242270,1
11.31,0.50,10.77
qrcode_5,0,25,0.919199,1
2.24,0.25,1.97
qrcode_5,0,55,1.997382,1
3.71,0.29,3.39
qrcode_5,0,27,0.972978,1
2.25,0.22,2.01
qrcode_5,0,7,0.238045,1
1.25,0.18,1.06
qrcode_5,0,227,8.111470,1
12.59,0.54,11.99
qrcode_5,0,225,8.243150,1
12.67,0.59,12.05
qrcode_5,0,51,1.808501,1
3.46,0.22,3.23
qrcode_5,0,205,7.424608,1
11.53,0.38,11.13
qrcode_5,0,6,0.200382,1
1.12,0.25,0.86
qrcode_5,0,127,4.622873,1
7.48,0.39,7.07
qrcode_5,0,147,5.317919,1
8.59,0.42,8.15
qrcode_5,0,18,0.659568,1
1.77,0.20,1.55
qrcode_5,0,47,1.701114,1
3.34,0.21,3.10
qrcode_5,0,211,7.729827,1
12.05,0.52,11.47
qrcode_5,0,20,0.716948,1
1.86,0.25,1.60
qrcode_5,0,129,4.715348,1
7.61,0.47,7.10
qrcode_5,0,139,5.094268,1
8.20,0.53,7.60
qrcode_5,0,137,4.978738,1
8.12,0.43,7.63
qrcode_5,0,89,3.269793,1
5.53,0.30,5.22
qrcode_5,0,348,12.473292,1
18.90,0.78,18.08
qrcode_5,0,72,2.586792,1
4.65,0.21,4.43
qrcode_5,0,63,2.247709,1
4.08,0.25,3.82
qrcode_5,0,170,6.237963,1
9.78,0.49,9.28
qrcode_5,0,78,2.808315,1
4.98,0.35,4.59
qrcode_5,0,68,2.477812,1
4.40,0.22,4.17
qrcode_5,0,126,4.574217,1
7.48,0.43,6.95
qrcode_5,0,218,7.855356,1
12.30,0.65,11.58
qrcode_5,0,45,1.577525,1
3.13,0.29,2.83
qrcode_5,0,188,6.820405,1
10.66,0.49,10.15
qrcode_5,0,214,7.814499,1
12.24,0.76,11.44
qrcode_5,0,374,13.533008,1
20.41,0.76,19.58
qrcode_5,0,126,4.404638,1
7.24,0.30,6.92
qrcode_5,0,174,6.365954,1
10.15,0.46,9.63
qrcode_5,0,55,1.983951,1
3.72,0.35,3.34
qrcode_5,0,241,8.824821,1
13.70,0.86,12.79
qrcode_5,0,64,2.263551,1
4.21,0.30,3.88
qrcode_5,0,76,2.775732,1
4.84,0.30,4.51
qrcode_5,0,23,0.815426,1
2.02,0.19,1.82
qrcode_5,0,351,13.064415,1
19.64,1.31,18.26
qrcode_5,0,20,0.691095,1
1.84,0.17,1.65
qrcode_5,0,119,4.397766,1
7.17,0.42,6.70
qrcode_5,0,74,2.642997,1
4.66,0.25,4.38
qrcode_5,0,142,5.187032,1
8.31,0.40,7.86
qrcode_5,0,169,6.371675,1
10.00,0.60,9.37
qrcode_5,0,72,2.616695,1
4.62,0.27,4.29
qrcode_5,0,422,15.349291,1
22.99,0.80,22.13
qrcode_5,0,218,7.993231,1
12.33,0.60,11.70
qrcode_5,0,128,4.556823,1
7.51,0.39,7.10
qrcode_5,0,45,1.642315,1
3.18,0.20,2.97
qrcode_5,0,183,6.672981,1
10.45,0.57,9.85
qrcode_5,0,441,15.878402,1
23.96,0.93,22.97
qrcode_6,0,483,32.204972,1
52.39,5.50,46.56
qrcode_6,0,684,44.411745,1
70.28,5.70,64.39
qrcode_6,0,585,37.792332,1
60.10,4.86,55.00
qrcode_6,0,587,38.533396,1
61.69,6.63,54.93
qrcode_6,0,141,9.025959,1
15.05,1.24,13.76
qrcode_6,0,3744,240.042115,1
377.40,29.58,346.30
qrcode_6,0,150,9.703811,1
16.08,1.39,14.66
qrcode_6,0,15,0.930119,1
2.36,0.39,1.96
qrcode_6,0,1124,72.740233,1
114.43,9.48,104.71
qrcode_6,0,1294,83.487563,1
131.09,10.82,120.03
qrcode_6,0,1108,71.120281,1
111.99,9.11,102.46
qrcode_6,0,1128,73.891834,1
117.39,12.10,104.89
qrcode_6,0,653,41.748271,1
66.50,5.59,60.50
qrcode_6,0,958,61.789144,1
97.65,8.72,88.74
qrcode_6,0,393,25.521112,1
40.78,3.22,37.22
qrcode_6,0,776,49.841008,1
79.08,6.86,71.96
qrcode_6,0,317,20.495549,1
32.92,3.03,29.81
qrcode_6,0,438,28.043057,1
44.91,3.88,40.75
qrcode_6,0,200,12.835479,1
21.11,1.52,19.40
qrcode_6,0,15,0.997390,1
2.53,0.28,2.19
qrcode_6,0,1433,91.683238,1
144.07,11.14,132.65
qrcode_6,0,12,0.793148,1
2.26,0.35,1.89
qrcode_6,0,270,17.388355,1
28.18,2.43,25.66
qrcode_6,0,925,59.300255,1
93.55,7.24,86.00
qrcode_6,0,2456,157.481704,1
247.84,20.15,227.23
qrcode_6,0,340,22.045169,1
35.32,3.13,32.08
qrcode_6,0,661,42.342479,1
67.03,5.23,61.58
qrcode_6,0,1381,90.151078,1
143.15,14.09,128.12
qrcode_6,0,1848,118.312212,1
185.68,14.90,170.28
qrcode_6,0,176,11.396653,1
18.71,1.63,17.02
qrcode_6,0,573,37.143841,1
58.76,5.31,53.23
qrcode_6,0,1045,66.811293,1
105.29,8.58,96.48
qrcode_6,0,449,28.749726,1
45.81,3.62,42.07
qrcode_6,0,872,56.010355,1
88.61,7.38,81.05
qrcode_6,0,1146,73.900434,1
116.24,9.43,106.57
qrcode_6,0,321,20.543220,1
33.04,2.49,30.48
qrcode_6,0,306,19.726312,1
31.98,2.93,28.99
qrcode_6,0,853,54.381848,1
86.08,7.37,78.44
qrcode_6,0,67,4.274976,1
7.64,0.86,6.77
qrcode_6,0,471,30.144415,1
48.08,3.78,44.22
qrcode_6,0,458,29.478931,1
46.88,3.61,43.05
qrcode_6,0,62,4.009952,1
7.23,0.65,6.52
qrcode_6,0,162,10.421217,1
17.21,1.52,15.65
qrcode_6,0,469,30.428162,1
48.32,4.26,43.92
qrcode_6,0,427,27.347368,1
43.67,3.88,39.72
qrcode_6,0,109,6.986133,1
11.87,1.26,10.59
qrcode_6,0,2207,141.396676,1
222.01,17.77,203.10
qrcode_6,0,976,63.731026,1
100.87,9.97,90.71
qrcode_6,0,1417,91.043710,1
143.30,12.40,130.55
qrcode_6,0,154,9.998489,1
16.57,1.35,15.12
qrcode_6,0,393,25.310347,1
40.64,3.57,36.95
qrcode_6,0,797,51.411469,1
81.04,6.42,74.43
qrcode_6,0,1263,81.435946,1
127.93,10.34,117.36
qrcode_6,0,223,14.315015,1
23.44,2.11,21.26
qrcode_6,0,2023,132.686200,1
209.60,21.20,187.93
qrcode_6,0,269,17.269252,1
28.01,2.27,25.69
qrcode_6,0,1253,81.142543,1
127.27,11.38,115.56
qrcode_6,0,3,0.177954,1
1.29,0.12,1.16
qrcode_6,0,154,10.043902,1
16.72,1.72,14.96
qrcode_6,0,8,0.526628,1
1.90,0.24,1.62
qrcode_6,0,366,23.612787,1
37.77,2.98,34.66
qrcode_6,0,1240,79.668235,1
125.29,9.91,114.95
qrcode_6,0,659,42.370717,1
67.19,5.21,61.54
qrcode_6,0,955,61.155644,1
96.43,6.80,89.32
qrcode_6,0,1567,100.340170,1
157.46,12.90,144.26
qrcode_6,0,477,30.919153,1
49.12,4.05,44.87
qrcode_6,0,185,11.842803,1
19.51,1.59,17.79
qrcode_6,0,2647,169.555876,1
265.38,20.71,244.17
qrcode_6,0,455,29.418657,1
46.74,3.91,42.73
qrcode_6,0,52,3.372742,1
6.21,0.71,5.45
qrcode_6,0,1123,72.767262,1
113.94,10.08,103.65
qrcode_6,0,1924,124.493592,1
194.69,16.33,177.94
qrcode_6,0,590,38.132637,1
60.40,5.16,55.11
qrcode_6,0,764,50.051893,1
79.64,8.23,71.26
qrcode_6,0,612,39.587696,1
63.64,6.43,56.92
qrcode_6,0,11,0.720822,1
2.09,0.24,1.84
qrcode_6,0,436,27.960614,1
44.92,3.77,40.74
qrcode_6,0,208,13.328324,1
21.75,1.67,20.03
qrcode_6,0,382,24.605317,1
39.37,3.05,36.08
qrcode_6,0,250,16.118399,1
26.07,1.71,24.28
qrcode_6,0,813,52.157741,1
82.66,6.17,75.88
qrcode_6,0,2994,193.256212,1
302.48,24.69,277.03
qrcode_6,0,15,0.987115,1
2.51,0.35,2.15
qrcode_6,0,478,30.742533,1
49.09,4.17,44.73
qrcode_6,0,24,1.573353,1
3.42,0.48,2.88
qrcode_6,0,494,31.724461,1
50.49,4.06,46.22
qrcode_6,0,627,40.281488,1
64.46,4.61,59.07
qrcode_6,0,307,19.680376,1
31.74,2.38,29.17
qrcode_6,0,1718,111.305275,1
174.19,14.31,159.36
qrcode_6,0,1778,116.233413,1
183.74,18.96,164.47
qrcode_6,0,1941,124.232416,1
194.91,15.47,178.79
qrcode_6,0,2185,141.294481,1
220.74,17.90,202.39
qrcode_6,0,495,31.625611,1
50.39,4.15,46.14
qrcode_6,0,844,53.973119,1
85.42,6.73,78.36
qrcode_6,0,376,24.231483,1
38.72,3.12,35.46
qrcode_6,0,252,16.187765,1
26.21,2.40,23.72
qrcode_6,0,1657,105.919541,1
166.49,12.93,153.07
qrcode_6,0,1063,69.467689,1
109.96,11.16,98.60
qrcode_6,0,904,57.789739,1
91.27,6.94,84.19
qrcode_6,0,2083,135.044080,1
210.95,17.51,192.94
qrcode_6,0,429,27.550381,1
43.93,3.53,40.26
qrcode_6,0,456,29.187303,1
46.55,3.69,42.74
qrcode_6,0,107,6.884061,1
11.70,0.97,10.68
qrcode_6,0,782,50.859078,1
80.08,7.16,72.47
qrcode_6,0,22,1.453315,1
3.26,0.45,2.78
qrcode_6,0,558,35.751497,1
56.72,4.32,52.22
qrcode_6,0,1591,101.874266,1
159.94,11.95,147.59
qrcode_6,0,1019,65.799930,1
104.11,8.36,94.99
qrcode_6,0,2254,147.133388,1
232.01,22.14,209.44
qrcode_6,0,1298,84.922567,1
134.61,13.47,120.77
qrcode_6,0,313,20.040394,1
32.26,2.92,29.28
qrcode_6,0,1051,67.227204,1
106.28,7.93,97.85
qrcode_6,0,1033,67.749429,1
107.60,11.57,95.62
qrcode_6,0,707,45.884011,1
72.33,6.15,65.93
qrcode_6,0,514,32.963762,1
52.47,4.26,48.06
qrcode_6,0,416,26.598900,1
42.58,3.68,38.76
qrcode_6,0,739,47.459725,1
75.30,6.07,69.09
qrcode_6,0,1362,87.186606,1
137.30,10.61,126.23
qrcode_6,0,724,46.822767,1
73.89,6.24,67.48
qrcode_6,0,1000,64.026654,1
101.08,8.27,92.56
qrcode_6,0,642,40.993676,1
65.21,5.28,59.69
qrcode_6,0,263,17.266165,1
28.11,2.97,25.09
qrcode_6,0,1185,76.504240,1
120.07,10.37,109.33
qrcode_6,0,1126,72.817639,1
114.17,9.84,104.08
qrcode_6,0,757,48.980608,1
77.07,6.65,70.28
qrcode_6,0,2219,143.351254,1
224.41,18.04,205.97
qrcode_6,0,260,16.748230,1
27.20,2.55,24.50
qrcode_6,0,206,13.286017,1
21.77,1.90,19.80
qrcode_6,0,346,22.609015,1
36.54,4.00,32.46
qrcode_6,0,1361,87.120177,1
137.05,10.09,126.54
qrcode_6,0,1012,65.135638,1
102.95,8.71,93.91
qrcode_6,0,1363,87.284427,1
137.27,10.18,126.81
qrcode_6,0,1166,74.962727,1
118.37,9.81,108.32
qrcode_6,0,1641,106.381938,1
166.53,13.96,151.88
qrcode_6,0,981,64.231948,1
101.74,10.60,90.72
qrcode_6,0,350,22.612791,1
36.36,3.36,32.85
qrcode_6,0,660,42.333868,1
67.02,5.10,61.75
qrcode_6,0,477,30.440001,1
48.59,3.68,44.81
qrcode_6,0,2207,144.720352,1
228.64,23.16,205.06
qrcode_6,0,31,1.994522,1
4.08,0.37,3.70
qrcode_6,0,141,9.081238,1
15.13,1.33,13.70
qrcode_6,0,191,12.262088,1
20.15,1.68,18.43
qrcode_6,0,1068,68.354885,1
107.55,8.09,99.28
qrcode_6,0,97,6.187095,1
10.61,0.88,9.71
qrcode_6,0,681,43.817553,1
69.71,5.46,63.92
qrcode_6,0,1847,118.697077,1
186.99,16.12,170.42
qrcode_6,0,642,42.018174,1
67.21,7.31,59.76
qrcode_6,0,359,22.990187,1
36.84,3.11,33.66
qrcode_6,0,2534,161.936033,1
254.26,19.31,233.92
qrcode_6,0,219,14.192948,1
23.15,2.27,20.83
qrcode_6,0,324,21.251925,1
34.29,3.41,30.76
qrcode_6,0,291,19.049712,1
30.77,2.99,27.71
qrcode_6,0,419,26.901870,1
42.95,3.41,39.40
qrcode_6,0,587,37.663676,1
59.68,4.65,54.88
qrcode_6,0,219,14.195294,1
23.11,1.92,21.13
qrcode_6,0,133,8.625241,1
14.50,1.35,13.04
qrcode_6,0,1795,116.062540,1
181.58,15.19,166.07
qrcode_6,0,83,5.323162,1
9.32,0.86,8.39
qrcode_6,0,312,20.194087,1
32.97,3.22,29.54
qrcode_6,0,457,29.310987,1
46.81,3.60,42.99
qrcode_6,0,996,63.962776,1
100.75,7.90,92.53
qrcode_6,0,1014,65.673141,1
103.37,9.26,93.64
qrcode_6,0,634,41.086398,1
64.86,5.80,58.85
qrcode_6,0,2140,136.764960,1
214.79,16.06,198.19
qrcode_6,0,665,42.502172,1
67.28,5.43,61.74
qrcode_6,0,2011,131.376118,1
207.80,21.85,185.57
qrcode_6,0,837,53.879425,1
85.16,6.66,78.34
qrcode_6,0,428,28.024935,1
45.14,4.54,40.38
qrcode_6,0,296,18.891727,1
30.48,2.47,27.95
qrcode_6,0,849,54.422194,1
86.04,7.00,78.65
qrcode_6,0,302,19.640692,1
31.50,2.87,28.49
qrcode_6,0,1068,68.263714,1
107.83,8.45,99.00
qrcode_6,0,661,42.275651,1
66.90,5.56,61.23
qrcode_6,0,866,55.437034,1
87.85,6.75,80.63
qrcode_6,0,1338,85.742136,1
134.93,10.75,123.93
qrcode_6,0,512,33.522931,1
53.17,5.10,47.73
qrcode_6,0,2743,177.924825,1
277.65,24.22,252.39
qrcode_6,0,955,61.123731,1
96.65,7.91,88.38
qrcode_6,0,1047,68.782215,1
109.62,11.26,97.69
qrcode_6,0,162,10.375362,1
17.25,1.68,15.51
qrcode_6,0,532,34.845011,1
56.01,5.51,50.20
qrcode_6,0,877,56.075640,1
88.46,6.95,81.33
qrcode_6,0,1035,66.897471,1
105.15,8.50,96.46
qrcode_6,0,459,29.442699,1
46.95,3.65,43.09
qrcode_6,0,521,34.118669,1
54.62,5.56,48.94
qrcode_6,0,710,45.729005,1
72.33,5.80,66.41
qrcode_6,0,772,49.404937,1
78.05,5.98,71.94
qrcode_6,0,92,5.924699,1
10.20,0.89,9.26
qrcode_6,0,149,9.715337,1
16.04,1.57,14.41
qrcode_6,0,1168,74.919600,1
117.95,9.57,107.93
qrcode_6,0,4257,272.276582,1
426.14,32.34,393.02
qrcode_6,0,1745,112.968428,1
176.67,14.41,161.90
qrcode_6,0,1488,95.648968,1
150.85,13.12,137.24
qrcode_6,0,257,16.658400,1
26.91,2.47,24.31
qrcode_6,0,2381,155.955979,1
246.28,24.87,220.97
qrcode_6,0,10,0.656567,1
2.00,0.32,1.65
qrcode_6,0,918,59.599276,1
94.03,8.27,85.17
qrcode_6,0,159,10.308334,1
17.17,1.44,15.56
qrcode_6,0,169,10.935900,1
18.02,1.65,16.30
qrcode_6,0,1208,78.181791,1
123.05,10.42,112.07
qrcode_6,0,632,40.380174,1
64.02,4.87,58.90
qrcode_6,0,1056,68.285837,1
107.22,9.02,98.00
qrcode_6,0,616,39.843903,1
62.94,5.52,57.26
qrcode_6,0,922,59.195557,1
93.72,8.03,85.46
qrcode_6,0,1988,128.500501,1
201.11,16.82,183.72
qrcode_6,0,356,23.049761,1
36.84,2.92,33.84
qrcode_6,0,51,3.335054,1
6.16,0.69,5.43
qrcode_6,0,519,33.174005,1
52.77,3.94,48.72
qrcode_6,0,379,24.414116,1
39.25,3.21,35.88
qrcode_6,0,385,24.710780,1
39.56,2.99,36.42
qrcode_6,0,744,47.838830,1
75.80,5.70,69.59
qrcode_6,0,454,29.314195,1
47.06,4.10,42.65
qrcode_6,0,2243,143.764636,1
225.75,17.16,207.73
qrcode_6,0,417,26.779490,1
42.84,3.14,39.42
qrcode_6,0,177,11.410256,1
18.75,1.33,17.30
qrcode_6,0,393,25.223171,1
40.32,3.32,36.87
qrcode_6,0,233,14.999203,1
24.46,2.43,21.97
qrcode_6,0,1172,75.027881,1
118.20,9.24,108.65
qrcode_6,0,323,20.499291,1
32.81,2.24,30.51
qrcode_6,0,1820,116.840086,1
183.58,14.46,168.79
qrcode_6,0,357,22.907503,1
36.76,2.68,33.87
qrcode_6,0,1977,126.359255,1
198.13,14.66,183.14
qrcode_6,0,105,6.744237,1
11.48,1.19,10.23
qrcode_6,0,6,0.395656,1
1.63,0.20,1.39
qrcode_6,0,222,14.357132,1
23.37,2.20,21.11
qrcode_6,0,512,32.761580,1
52.16,4.07,47.96
qrcode_6,0,554,35.718233,1
56.59,4.77,51.72
qrcode_6,0,529,33.795210,1
53.72,4.34,49.28
qrcode_6,0,626,40.134203,1
63.66,4.88,58.65
qrcode_6,0,1241,80.313737,1
125.80,10.91,114.66
qrcode_6,0,69,4.419437,1
7.86,0.63,7.21
qrcode_6,0,307,19.889873,1
31.87,2.99,28.82
qrcode_6,0,250,15.980139,1
25.93,1.81,24.08
qrcode_6,0,301,19.479486,1
31.31,2.71,28.49
qrcode_6,0,561,36.090304,1
57.48,5.13,52.19
qrcode_6,0,245,16.027897,1
26.25,3.03,23.16
qrcode_6,0,244,15.766492,1
25.56,2.22,23.28
qrcode_6,0,321,20.646955,1
33.26,2.94,30.26
qrcode_6,0,40,2.592368,1
4.99,0.62,4.36
qrcode_6,0,218,14.187307,1
23.09,1.93,21.10
qrcode_6,0,1163,74.925487,1
118.54,9.48,108.58
qrcode_6,0,52,3.363867,1
6.22,0.55,5.63
qrcode_6,0,858,55.710530,1
87.64,7.42,79.88
qrcode_6,0,1044,67.750087,1
106.29,8.78,97.21
qrcode_6,0,89,5.823443,1
10.10,1.06,9.01
qrcode_6,0,290,18.569237,1
29.92,2.51,27.34
qrcode_6,0,437,28.364899,1
45.32,4.29,40.62
qrcode_6,0,1666,108.770066,1
171.71,17.05,154.32
qrcode_6,0,537,34.720088,1
55.33,4.43,50.57
qrcode_6,0,276,17.792773,1
28.81,2.44,26.25
qrcode_6,0,58,3.717921,1
6.77,0.72,6.02
qrcode_6,0,325,20.897457,1
33.77,2.57,30.98
qrcode_6,0,2533,164.552325,1
257.53,22.82,233.87
qrcode_6,0,633,41.129039,1
65.17,5.33,59.61
qrcode_6,0,102,6.557310,1
11.28,1.03,10.22
qrcode_6,0,1545,100.014830,1
157.52,13.79,143.31
qrcode_6,0,470,30.486552,1
48.63,4.18,44.35
qrcode_6,0,4,0.263971,1
1.63,0.25,1.36
qrcode_6,0,257,16.466263,1
26.76,2.35,24.33
qrcode_6,0,147,9.470576,1
15.72,1.46,14.22
qrcode_6,0,166,10.693774,1
17.72,1.38,16.22
qrcode_6,0,894,57.518007,1
91.03,7.48,83.26
qrcode_6,0,237,15.234544,1
24.83,2.04,22.60
qrcode_6,0,457,29.429068,1
46.81,3.75,42.94
qrcode_6,0,251,16.222455,1
26.23,1.92,24.24
qrcode_6,0,16,1.055778,1
2.61,0.41,2.18
qrcode_6,0,488,31.192427,1
49.92,3.86,45.69
qrcode_6,0,103,6.633816,1
11.42,0.96,10.40
qrcode_6,0,908,58.611669,1
92.20,7.74,84.15
qrcode_6,0,107,6.903256,1
11.86,1.08,10.72
qrcode_6,0,337,21.920281,1
35.15,3.26,31.81
qrcode_6,0,921,59.037112,1
93.19,7.25,85.54
qrcode_6,0,279,17.854488,1
28.87,2.61,26.15
qrcode_6,0,62,3.976089,1
7.18,0.71,6.45
qrcode_6,0,181,11.708192,1
19.21,1.91,17.22
qrcode_6,0,409,26.181377,1
41.90,3.76,38.00
qrcode_6,0,822,53.156253,1
84.15,7.47,76.18
qrcode_6,0,2047,132.393079,1
206.82,16.89,189.53
qrcode_6,0,1335,86.602424,1
135.74,11.37,123.74
qrcode_6,0,768,49.252119,1
78.09,6.21,71.39
qrcode_6,0,2094,133.956929,1
210.34,15.95,193.89
qrcode_6,0,226,14.936345,1
24.50,2.72,21.66
qrcode_6,0,277,17.747125,1
28.63,2.04,26.51
qrcode_6,0,1114,71.727400,1
113.42,9.87,103.28
qrcode_6,0,2097,137.428483,1
217.19,23.27,193.19
qrcode_6,0,2251,144.496427,1
226.59,18.09,207.88
qrcode_6,0,1977,126.575397,1
198.95,16.19,182.03
qrcode_6,0,249,15.917634,1
25.84,2.02,23.75
qrcode_6,0,144,9.205842,1
15.34,1.23,14.06
qrcode_6,0,1296,82.807081,1
130.72,9.69,120.43
qrcode_6,0,2571,164.832609,1
258.43,20.46,237.26
qrcode_6,0,328,21.088414,1
33.98,2.83,31.06
qrcode_6,0,3560,227.641374,1
357.11,27.22,328.42
qrcode_6,0,287,18.609431,1
29.92,2.59,27.21
qrcode_6,0,475,30.762992,1
48.94,4.31,44.45
qrcode_6,0,651,41.959456,1
66.62,5.97,60.44
qrcode_6,0,3,0.178071,1
1.32,0.16,1.14
qrcode_6,0,386,24.887337,1
40.10,3.42,36.35
qrcode_6,0,1176,76.111778,1
119.42,10.16,108.98
qrcode_6,0,344,22.026182,1
35.35,2.74,32.48
qrcode_6,0,322,20.623935,1
33.19,2.92,30.18
qrcode_6,0,1025,66.368395,1
104.40,9.00,95.01
qrcode_6,0,43,2.792503,1
5.37,0.43,4.88
qrcode_6,0,2585,167.443737,1
261.34,21.95,238.77
qrcode_6,0,1962,127.069561,1
198.62,16.82,180.98
qrcode_6,0,240,15.463184,1
25.04,2.13,22.80
qrcode_6,0,173,11.061613,1
18.30,1.43,16.78
qrcode_6,0,429,27.807652,1
44.68,4.08,40.23
qrcode_6,0,713,45.539662,1
72.30,6.00,65.96
qrcode_6,0,1308,85.583299,1
135.76,14.33,121.01
qrcode_6,0,1801,116.290766,1
181.86,14.37,167.18
qrcode_6,0,436,28.231440,1
44.94,4.18,40.68
qrcode_6,0,84,5.442060,1
9.49,1.14,8.32
qrcode_6,0,777,50.851831,1
80.97,8.65,72.14
qrcode_6,0,110,7.075922,1
11.92,0.94,10.92
qrcode_6,0,766,49.231017,1
78.11,6.60,71.35
qrcode_6,0,1511,96.691261,1
151.80,12.48,138.91
qrcode_6,0,534,35.033544,1
56.06,6.06,49.83
qrcode_6,0,758,48.745578,1
77.42,6.89,70.36
qrcode_6,0,14,0.913230,1
2.41,0.23,2.16
qrcode_6,0,947,60.959693,1
96.47,8.00,88.31
qrcode_6,0,678,44.124122,1
69.48,5.85,63.39
qrcode_6,0,2235,143.919222,1
225.68,18.45,206.81
qrcode_6,0,52,3.405719,1
6.24,0.67,5.54
qrcode_6,0,1441,92.131338,1
144.77,11.38,133.08
qrcode_6,0,711,45.607872,1
72.25,5.58,66.20
qrcode_6,0,173,11.175184,1
18.38,1.63,16.69
qrcode_6,0,608,39.183020,1
62.30,5.43,56.67
qrcode_6,0,196,12.645008,1
20.76,1.71,18.90
qrcode_6,0,268,17.359661,1
27.98,2.47,25.41
qrcode_6,0,1065,68.675138,1
108.20,9.06,98.78
qrcode_6,0,1043,67.802203,1
106.43,8.75,97.16
qrcode_6,0,306,19.771986,1
31.74,2.83,28.85
qrcode_6,0,1374,88.136603,1
138.56,10.74,127.20
qrcode_6,0,76,4.883048,1
8.65,0.87,7.69
qrcode_6,0,134,8.764738,1
14.78,1.67,13.08
qrcode_6,0,661,42.470756,1
67.50,5.91,61.39
qrcode_6,0,96,6.225985,1
10.68,1.04,9.58
qrcode_6,0,1188,77.909671,1
123.92,13.47,109.72
qrcode_6,0,161,10.419787,1
17.24,1.53,15.59
qrcode_6,0,782,50.568967,1
79.61,6.40,73.04
qrcode_6,0,485,31.164291,1
49.58,3.40,45.94
qrcode_6,0,1645,105.313406,1
165.90,12.76,152.21
qrcode_6,0,2300,147.316199,1
231.52,17.00,213.17
qrcode_6,0,1232,80.119165,1
125.57,10.43,114.90
qrcode_6,0,1077,68.844573,1
108.42,8.79,99.45
qrcode_6,0,183,11.696313,1
19.24,1.49,17.70
qrcode_6,0,3135,202.049319,1
316.65,26.92,288.79
qrcode_6,0,2923,187.025570,1
293.11,22.41,269.66
qrcode_6,0,666,43.648427,1
69.55,7.40,62.03
qrcode_6,0,140,9.044795,1
15.18,1.45,13.57
qrcode_6,0,2572,164.530915,1
258.33,20.83,236.30
qrcode_6,0,718,46.166090,1
73.19,5.59,67.13
qrcode_6,0,1654,106.597923,1
166.06,11.65,153.78
qrcode_6,0,17,1.108878,1
2.72,0.24,2.45
qrcode_6,0,10,0.641926,1
1.97,0.24,1.72
qrcode_6,0,135,8.738464,1
14.66,1.22,13.39
qrcode_6,0,1686,107.954292,1
169.92,13.51,155.48
qrcode_6,0,1303,85.427258,1
135.78,14.05,121.02
qrcode_6,0,273,17.457978,1
28.24,2.16,26.01
qrcode_6,0,1302,83.385943,1
131.18,9.70,121.07
qrcode_6,0,511,33.110497,1
52.50,4.32,47.93
qrcode_6,0,161,10.447269,1
17.34,1.34,15.83
qrcode_6,0,119,7.720212,1
13.12,1.25,11.83
qrcode_6,0,188,12.087557,1
19.85,1.79,17.98
qrcode_6,0,132,8.425146,1
14.17,1.25,12.87
qrcode_6,0,1247,81.505191,1
128.83,13.14,115.36
qrcode_6,0,663,42.853225,1
67.64,5.83,61.66
qrcode_6,0,398,25.692957,1
41.13,3.40,37.60
qrcode_6,0,332,21.448314,1
34.55,2.78,31.65
qrcode_6,0,50,3.198501,1
5.98,0.64,5.32
qrcode_6,0,164,10.640202,1
17.57,1.84,15.66
qrcode_6,0,1545,101.209707,1
160.36,17.03,142.77
qrcode_6,0,2634,168.455305,1
263.99,20.28,243.19
qrcode_6,0,118,7.589907,1
12.80,1.17,11.54
qrcode_6,0,863,56.049206,1
88.19,6.97,80.88
qrcode_6,0,248,15.867532,1
25.79,2.33,23.37
qrcode_6,0,714,45.942507,1
72.79,5.89,66.74
qrcode_6,0,405,26.014633,1
41.90,3.88,37.92
qrcode_6,0,474,30.274473,1
48.20,3.61,44.50
qrcode_6,0,222,14.292953,1
23.25,1.75,21.36
qrcode_6,0,104,6.776347,1
11.61,1.26,10.31
qrcode_6,0,51,3.291546,1
6.11,0.79,5.28
qrcode_6,0,1772,113.007124,1
177.61,12.83,164.45
qrcode_6,0,603,38.526715,1
61.25,4.64,56.39
qrcode_6,0,94,6.028419,1
10.39,0.79,9.56
qrcode_6,0,380,24.469235,1
39.23,3.02,36.04
qrcode_6,0,220,14.052493,1
22.90,1.97,20.87
qrcode_6,0,1669,106.797442,1
167.86,13.41,154.04
qrcode_6,0,818,52.791448,1
83.31,7.08,76.08
qrcode_6,0,655,42.155785,1
67.23,5.85,61.27
qrcode_6,0,839,54.474529,1
86.07,7.68,78.22
qrcode_6,0,183,11.774949,1
19.40,1.42,17.83
qrcode_6,0,335,21.767442,1
35.16,3.31,31.67
qrcode_6,0,1424,92.196027,1
144.33,11.91,132.14
qrcode_6,0,291,18.685149,1
30.20,2.81,27.22
qrcode_6,0,373,23.859702,1
38.22,2.77,35.38
qrcode_6,0,225,14.532950,1
23.74,2.03,21.49
qrcode_6,0,934,59.920449,1
94.83,8.30,86.30
qrcode_6,0,692,44.291272,1
70.23,5.62,64.32
qrcode_6,0,662,43.411836,1
68.75,6.58,61.98
qrcode_6,0,227,14.686206,1
23.82,1.72,22.04
qrcode_6,0,231,15.081018,1
24.82,2.55,22.17
qrcode_6,0,310,19.887595,1
32.04,2.64,29.24
qrcode_6,0,1060,67.766016,1
107.36,8.65,97.93
qrcode_6,0,939,60.299606,1
95.43,7.60,87.65
qrcode_6,0,717,46.259738,1
73.49,6.56,66.53
qrcode_6,0,958,61.430914,1
97.33,8.78,88.33
qrcode_6,0,173,11.115438,1
18.44,1.72,16.65
qrcode_6,0,14,0.915262,1
2.42,0.34,2.06
qrcode_6,0,985,63.569060,1
100.87,8.34,91.39
qrcode_6,0,1937,124.945813,1
196.00,17.03,178.52
qrcode_6,0,93,6.120798,1
10.63,1.18,9.39
qrcode_6,0,71,4.598010,1
8.12,0.74,7.35
qrcode_6,0,70,4.541301,1
8.17,0.93,7.18
qrcode_6,0,425,27.569091,1
43.94,3.78,40.06
qrcode_6,0,620,38.762557,1
61.53,3.20,58.01
qrcode_6,0,1232,78.787780,1
124.11,9.19,114.46
qrcode_6,0,674,43.152009,1
68.28,5.77,62.38
qrcode_6,0,776,49.943901,1
79.61,7.34,71.99
qrcode_6,0,174,11.306821,1
18.58,1.80,16.73
qrcode_6,0,442,28.437036,1
45.56,3.95,41.42
qrcode_6,0,1805,115.321831,1
181.24,14.13,166.54
qrcode_6,0,385,24.630486,1
39.46,2.82,36.52
qrcode_6,0,819,52.584334,1
83.39,6.83,76.41
qrcode_6,0,92,5.923472,1
10.21,0.88,9.27
qrcode_6,0,664,42.522307,1
67.41,4.93,62.23
qrcode_6,0,1167,74.628757,1
117.78,9.29,108.23
qrcode_6,0,264,16.974416,1
27.55,2.42,25.06
qrcode_6,0,736,47.566260,1
75.61,6.44,68.70
qrcode_6,0,1199,77.105000,1
122.06,10.27,111.55
qrcode_6,0,809,51.911902,1
81.90,6.21,75.53
qrcode_6,0,268,17.336483,1
28.05,2.38,25.58
qrcode_6,0,671,43.498131,1
68.86,6.03,62.43
qrcode_6,0,186,11.895626,1
19.55,1.64,17.86
qrcode_6,0,868,55.755786,1
88.16,7.28,80.44
qrcode_6,0,453,29.210159,1
46.80,4.19,42.44
qrcode_6,0,29,1.895888,1
3.97,0.43,3.51
qrcode_6,0,145,9.371699,1
15.68,1.25,14.37
qrcode_6,0,185,12.126323,1
19.93,2.10,17.73
qrcode_6,0,237,15.280254,1
24.88,2.05,22.72
qrcode_6,0,158,10.109054,1
16.75,1.44,15.27
qrcode_6,0,310,20.050630,1
32.15,2.63,29.46
qrcode_6,0,151,9.731457,1
16.19,1.61,14.54
qrcode_6,0,578,37.242893,1
58.63,4.71,53.82
qrcode_6,0,1223,78.758960,1
124.30,9.67,114.40
qrcode_6,0,616,39.520453,1
62.63,4.53,57.90
qrcode_6,0,12,0.787591,1
2.23,0.36,1.84
qrcode_6,0,477,30.567975,1
48.67,3.89,44.63
qrcode_6,0,1419,91.742665,1
143.84,12.06,131.46
qrcode_6,0,1305,84.301485,1
132.29,10.93,121.02
qrcode_6,0,6652,430.150651,1
670.30,57.84,611.19
qrcode_6,0,330,21.133471,1
33.97,2.83,31.08
qrcode_6,0,83,5.386372,1
9.36,0.88,8.41
qrcode_6,0,281,18.035885,1
29.15,2.80,26.25
qrcode_6,0,1931,123.831849,1
194.51,15.66,177.98
qrcode_6,0,634,41.593489,1
66.45,7.12,59.08
qrcode_6,0,867,56.686158,1
89.92,8.53,81.18
qrcode_6,0,610,39.073093,1
62.13,4.82,57.10
qrcode_6,0,404,25.877834,1
41.34,3.79,37.46
qrcode_6,0,1051,67.466120,1
106.41,8.31,97.70
qrcode_6,0,1062,67.894502,1
106.92,8.33,98.38
qrcode_6,0,465,30.450233,1
48.92,5.44,43.32
qrcode_6,0,412,26.376510,1
42.25,3.47,38.57
qrcode_6,0,2839,183.592265,1
286.83,23.88,262.30
qrcode_6,0,438,28.026422,1
44.73,3.25,41.39
qrcode_6,0,96,6.239875,1
10.84,1.26,9.53
qrcode_6,0,82,5.281383,1
9.21,0.97,8.20
qrcode_6,0,762,49.053828,1
78.08,7.03,70.51
qrcode_6,0,2371,151.602520,1
238.03,18.53,218.56
qrcode_6,0,3,0.168758,1
1.29,0.24,1.03
qrcode_6,0,556,35.541300,1
56.69,4.43,51.94
qrcode_6,0,231,14.942358,1
24.22,2.05,22.10
qrcode_6,0,912,59.774340,1
95.53,9.68,85.17
qrcode_6,0,1215,77.608745,1
122.18,10.20,111.66
qrcode_6,0,122,7.797005,1
13.15,1.24,11.89
qrcode_6,0,136,8.796222,1
14.66,1.25,13.38
qrcode_6,0,893,57.945873,1
92.03,8.01,83.29
qrcode_6,0,658,42.042957,1
66.59,5.39,61.07
qrcode_6,0,1085,69.298610,1
109.18,9.00,99.97
qrcode_6,0,1374,87.857156,1
138.34,10.08,127.83
qrcode_6,0,989,64.785855,1
103.24,10.72,91.88
qrcode_6,0,703,45.654396,1
72.06,6.30,65.42
qrcode_6,0,189,12.053964,1
19.82,1.64,18.12
qrcode_6,0,1157,74.066320,1
116.58,8.86,107.35
qrcode_6,0,929,59.506502,1
94.42,7.76,86.21
qrcode_6,0,169,11.056786,1
18.34,1.96,16.33
qrcode_6,0,205,13.087080,1
21.49,1.66,19.76
qrcode_6,0,665,42.534837,1
67.44,5.85,61.34
qrcode_6,0,148,9.632296,1
16.04,1.60,14.34
qrcode_6,0,267,17.109352,1
27.72,2.29,25.32
qrcode_6,0,89,5.734947,1
9.93,0.85,9.03
qrcode_6,0,2,0.113491,1
1.24,0.24,0.97
qrcode_6,0,2123,136.980735,1
214.48,17.54,196.26
qrcode_6,0,367,23.495788,1
37.77,3.11,34.44
qrcode_6,0,1628,104.512485,1
164.07,12.58,150.87
qrcode_6,0,811,52.028917,1
82.34,6.41,75.53
qrcode_6,0,66,4.266216,1
7.70,0.79,6.81
qrcode_6,0,739,47.214258,1
74.93,5.70,68.91
qrcode_6,0,1141,73.696136,1
115.81,8.89,106.69
qrcode_6,0,1267,81.916957,1
132.80,10.79,118.12
qrcode_6,0,1641,107.718680,1
170.66,17.32,152.79
qrcode_6,0,1202,77.207657,1
121.70,9.38,112.09
qrcode_6,0,405,25.992002,1
41.67,3.29,38.28
qrcode_6,0,311,19.936744,1
32.19,2.56,29.54
qrcode_6,0,487,31.525163,1
50.30,4.28,45.80
qrcode_6,0,253,16.260535,1
26.50,1.78,24.64
qrcode_6,0,561,36.224847,1
57.60,4.81,52.67
qrcode_6,0,554,35.326969,1
56.14,4.63,51.41
qrcode_6,0,501,31.974728,1
51.23,4.07,46.82
qrcode_6,0,975,62.339089,1
98.71,7.89,90.36
qrcode_6,0,168,10.723877,1
17.75,1.52,16.18
qrcode_6,0,16,1.007662,1
2.57,0.30,2.26
qrcode_6,0,44,2.860012,1
5.44,0.56,4.83
qrcode_6,0,363,23.438391,1
37.64,3.22,34.33
qrcode_6,0,130,8.355375,1
13.97,1.10,12.83
qrcode_6,0,1019,65.844547,1
103.45,8.65,94.63
qrcode_6,0,1853,118.935749,1
187.36,16.09,170.88
qrcode_6,0,384,24.527918,1
39.25,3.11,36.04
qrcode_6,0,419,26.968535,1
42.98,3.93,38.97
qrcode_6,0,89,5.728322,1
9.90,1.02,8.83
qrcode_6,0,127,8.151201,1
13.74,1.36,12.33
qrcode_6,0,910,59.371000,1
94.26,9.39,84.70
qrcode_6,0,352,22.930450,1
36.98,3.89,33.00
qrcode_6,0,97,6.178448,1
10.66,0.99,9.65
qrcode_6,0,294,18.960559,1
30.48,2.61,27.81
qrcode_6,0,1368,87.411767,1
137.65,10.72,126.52
qrcode_6,0,138,8.846536,1
14.77,1.50,13.14
qrcode_6,0,240,15.486197,1
25.15,2.21,22.83
qrcode_6,0,1085,70.877154,1
112.26,11.23,100.72
qrcode_6,0,947,61.208179,1
96.13,7.69,88.22
qrcode_6,0,2130,136.046159,1
213.41,16.57,196.38
qrcode_6,0,1034,66.195032,1
104.43,7.56,96.45
qrcode_6,0,1018,66.760704,1
106.06,10.88,94.81
qrcode_6,0,84,5.446226,1
9.43,0.93,8.42
qrcode_6,0,224,14.306631,1
23.38,1.82,21.47
qrcode_6,0,241,15.760346,1
25.84,2.54,23.24
qrcode_6,0,2359,152.798028,1
238.96,19.94,218.21
qrcode_6,0,1698,108.656471,1
170.65,13.21,157.09
qrcode_6,0,622,39.694621,1
62.92,4.91,57.90
qrcode_6,0,1348,86.115135,1
135.40,10.23,124.92
qrcode_6,0,901,57.826599,1
91.27,6.96,83.89
qrcode_6,0,597,38.243516,1
60.67,5.01,55.47
qrcode_6,0,173,11.025244,1
18.24,1.29,16.89
qrcode_6,0,356,23.239291,1
37.50,4.09,33.31
qrcode_6,0,400,25.491781,1
40.77,3.12,37.53
qrcode_6,0,17,1.071352,1
2.69,0.30,2.37
qrcode_6,0,281,17.959102,1
28.95,2.32,26.48
qrcode_6,0,1821,116.245186,1
182.25,13.45,168.43
qrcode_6,0,1468,94.733358,1
148.40,12.18,135.87
qrcode_6,0,3708,236.834983,1
371.20,29.11,341.02
qrcode_6,0,1734,113.906455,1
180.51,18.20,161.24
qrcode_6,0,3651,238.715962,1
376.60,39.58,336.26
qrcode_6,0,370,23.653899,1
37.87,3.04,34.76
qrcode_6,0,148,9.583682,1
15.95,1.37,14.48
qrcode_6,0,1076,69.778655,1
109.33,8.68,100.33
qrcode_6,0,46,2.964714,1
5.55,0.59,4.94
qrcode_6,0,819,52.586800,1
83.68,7.29,75.91
qrcode_6,0,788,50.834228,1
80.50,7.12,73.14
qrcode_6,0,361,23.629404,1
37.80,3.36,34.28
qrcode_6,0,745,47.678568,1
75.32,5.70,69.47
qrcode_6,0,71,4.559027,1
8.02,0.79,7.21
qrcode_6,0,1025,66.027561,1
104.77,8.64,95.49
qrcode_6,0,134,8.588337,1
14.46,1.14,13.13
qrcode_6,0,919,60.183464,1
95.67,9.90,85.46
qrcode_6,0,1742,111.328106,1
174.74,13.45,160.92
qrcode_6,0,824,52.893663,1
83.41,6.31,76.71
qrcode_6,0,660,43.188693,1
68.91,7.17,61.55
qrcode_6,0,944,60.481457,1
95.96,8.00,87.64
qrcode_6,0,1916,123.180050,1
194.02,16.30,177.07
qrcode_6,0,52,3.321504,1
6.10,0.59,5.47
qrcode_6,0,349,22.537130,1
36.07,3.12,32.88
qrcode_6,0,993,63.642214,1
100.29,7.49,92.44
qrcode_6,0,949,60.865607,1
95.96,7.38,88.30
qrcode_6,0,260,16.592767,1
26.88,2.34,24.49
qrcode_6,0,659,42.619097,1
67.38,5.84,61.31
qrcode_6,0,204,13.221004,1
21.51,1.85,19.54
qrcode_6,0,451,29.173744,1
46.37,4.08,42.11
qrcode_6,0,860,55.056680,1
86.93,6.53,80.16
qrcode_6,0,856,55.022820,1
87.31,7.03,79.97
qrcode_6,0,828,53.278490,1
84.47,6.85,77.37
qrcode_6,0,1613,104.242052,1
163.39,13.26,149.78
qrcode_6,0,712,46.599875,1
74.20,7.71,66.30
qrcode_6,0,339,21.869225,1
34.98,3.11,31.77
qrcode_6,0,1206,77.527743,1
121.76,9.43,111.98
qrcode_6,0,219,14.271384,1
23.36,2.52,20.74
qrcode_6,0,15,0.936596,1
2.48,0.23,2.21
qrcode_6,0,186,12.127642,1
20.02,2.28,17.65
qrcode_6,0,249,15.911550,1
25.85,2.00,23.79
qrcode_6,0,799,51.623204,1
81.20,6.72,74.24
qrcode_6,0,456,29.782642,1
47.71,4.38,43.18
qrcode_6,0,1431,93.229648,1
146.55,13.15,132.98
qrcode_6,0,240,15.467358,1
25.14,2.24,22.85
qrcode_6,0,132,8.588578,1
14.44,1.59,12.83
qrcode_6,0,1409,92.141546,1
145.89,14.56,131.05
qrcode_6,0,571,36.460437,1
57.84,4.35,53.38
qrcode_6,0,162,10.487050,1
17.29,1.43,15.73
qrcode_6,0,23,1.443793,1
3.18,0.42,2.75
qrcode_6,0,1860,119.037308,1
187.01,14.09,172.27
qrcode_6,0,44,2.789931,1
5.31,0.48,4.79
qrcode_6,0,34,2.166174,1
4.37,0.56,3.79
qrcode_6,0,365,23.285864,1
37.27,2.82,34.35
qrcode_6,0,346,22.510776,1
36.33,3.72,32.47
qrcode_6,0,424,27.392832,1
43.53,3.59,39.86
qrcode_6,0,1238,80.979930,1
128.62,12.93,115.07
qrcode_6,0,344,22.157255,1
35.49,3.20,32.16
qrcode_6,0,281,17.539402,1
28.33,1.43,26.81
qrcode_6,0,1156,75.447782,1
119.59,12.33,107.04
qrcode_6,0,96,6.181295,1
10.66,1.00,9.54
qrcode_6,0,1656,106.704257,1
167.95,14.26,153.17
qrcode_6,0,85,5.551598,1
9.66,1.02,8.60
qrcode_6,0,484,30.938707,1
49.30,3.97,45.20
qrcode_6,0,23,1.479506,1
3.34,0.48,2.82
qrcode_6,0,149,9.471065,1
15.82,1.31,14.46
qrcode_6,0,1020,65.972054,1
103.52,8.53,94.67
qrcode_6,0,1843,120.266270,1
189.64,19.20,170.08
qrcode_6,0,106,6.824946,1
11.60,0.98,10.55
qrcode_6,0,537,34.857603,1
55.15,4.61,50.33
qrcode_6,0,431,28.257005,1
45.04,4.77,40.18
qrcode_6,0,1003,64.811217,1
101.79,8.92,92.69
qrcode_6,0,5,0.288343,1
1.40,0.18,1.20
qrcode_6,0,60,3.844664,1
7.02,0.69,6.28
qrcode_6,0,265,16.924121,1
27.30,2.29,24.94
qrcode_6,0,765,49.139032,1
77.96,6.57,71.08
qrcode_6,0,886,57.283681,1
89.98,7.13,82.66
qrcode_6,0,1563,99.762360,1
156.86,12.85,143.55
qrcode_6,0,18,1.126846,1
2.70,0.32,2.37
qrcode_6,0,85,5.432344,1
9.51,1.03,8.38
qrcode_6,0,333,21.761912,1
35.04,3.45,31.45
qrcode_6,0,2,0.089226,1
1.07,0.17,0.89
qrcode_6,0,967,61.844362,1
97.57,8.17,89.17
qrcode_6,0,133,8.488555,1
14.24,1.23,12.98
qrcode_6,0,60,3.805340,1
6.99,0.66,6.30
qrcode_6,0,326,21.021940,1
33.72,2.77,30.85
qrcode_6,0,568,36.418744,1
57.84,4.49,53.13
qrcode_6,0,337,21.805233,1
34.81,2.88,31.79
qrcode_6,0,21,1.331847,1
3.04,0.38,2.63
qrcode_6,0,1936,124.345457,1
195.37,14.97,179.49
qrcode_6,0,1095,70.054219,1
110.42,8.57,101.50
qrcode_6,0,1015,64.955143,1
102.48,7.77,94.38
qrcode_6,0,530,34.279495,1
54.30,5.04,49.16
qrcode_6,0,874,56.576285,1
89.04,7.89,80.78
qrcode_6,0,751,48.481754,1
76.84,6.56,69.85
qrcode_6,0,21,1.334978,1
3.03,0.36,2.66
qrcode_6,0,1234,81.056934,1
128.83,12.84,115.10
qrcode_6,0,511,32.947747,1
52.28,4.28,47.90
qrcode_6,0,1026,67.092796,1
106.38,11.12,95.07
qrcode_6,0,411,26.807051,1
43.14,4.37,38.70
qrcode_6,0,68,4.376408,1
7.73,0.92,6.78
qrcode_6,0,1094,70.485559,1
111.15,9.50,101.46
qrcode_6,0,786,50.323742,1
79.58,6.72,72.61
qrcode_6,0,498,32.049074,1
51.02,4.73,46.14
qrcode_6,0,713,46.745241,1
74.49,7.79,66.44
qrcode_6,0,414,26.694732,1
42.89,3.92,38.86
qrcode_6,0,372,23.956294,1
38.48,3.46,34.86
qrcode_6,0,2386,152.765406,1
239.70,18.41,220.69
qrcode_6,0,290,18.534842,1
29.85,2.47,27.28
qrcode_6,0,788,50.989277,1
80.42,6.75,73.43
qrcode_6,0,271,17.453910,1
28.27,2.39,25.79
qrcode_6,0,113,7.274107,1
12.26,0.90,11.31
qrcode_6,0,1476,94.036753,1
148.00,11.10,136.56
qrcode_6,0,109,6.960699,1
11.81,0.94,10.83
qrcode_6,0,412,26.276979,1
41.99,3.37,38.55
qrcode_6,0,53,3.429662,1
6.38,0.77,5.60
qrcode_6,0,337,21.979604,1
35.64,3.77,31.80
qrcode_6,0,436,27.871891,1
44.45,3.65,40.60
qrcode_6,0,2080,133.561939,1
209.26,15.90,192.67
qrcode_6,0,1830,118.075604,1
184.69,15.42,168.96
qrcode_6,0,2664,174.675794,1
274.57,26.89,247.04
qrcode_6,0,450,29.159820,1
46.63,4.17,42.23
qrcode_6,0,248,15.947714,1
25.78,2.14,23.59
qrcode_6,0,490,31.288126,1
49.86,4.18,45.55
qrcode_6,0,843,53.922844,1
85.37,6.77,78.13
qrcode_6,0,737,47.709622,1
75.20,6.10,68.88
qrcode_6,0,328,21.331101,1
34.49,3.41,31.00
qrcode_6,0,261,16.749349,1
27.24,2.34,24.65
qrcode_6,0,42,2.728028,1
5.22,0.56,4.61
qrcode_6,0,205,13.230855,1
21.56,1.93,19.57
qrcode_6,0,64,4.117656,1
7.33,0.57,6.74
qrcode_6,0,184,12.054896,1
19.94,2.18,17.71
qrcode_6,0,1131,73.597185,1
117.28,12.10,104.66
qrcode_6,0,2,0.091308,1
1.08,0.18,0.89
qrcode_6,0,120,7.660262,1
12.95,1.22,11.67
qrcode_6,0,892,56.974155,1
90.13,7.44,82.25
qrcode_6,0,444,28.475386,1
45.58,3.71,41.79
qrcode_6,0,457,29.280389,1
46.62,3.64,42.86
qrcode_6,0,898,58.102776,1
91.31,7.76,83.37
qrcode_6,0,138,8.803253,1
14.76,1.35,13.37
qrcode_6,0,512,33.419180,1
53.49,5.86,47.53
qrcode_6,0,356,22.666737,1
36.35,2.86,33.40
qrcode_6,0,2298,148.216907,1
232.10,18.91,212.77
qrcode_6,0,318,20.519165,1
33.18,2.95,30.00
qrcode_6,0,100,6.365176,1
10.85,0.99,9.84
qrcode_6,0,588,38.476700,1
61.58,6.72,54.60
qrcode_6,0,189,12.123883,1
20.07,1.63,18.21
qrcode_6,0,772,49.915374,1
78.69,6.24,72.26
qrcode_6,0,756,48.240598,1
76.39,6.05,70.15
qrcode_6,0,146,9.553035,1
16.00,1.82,14.11
qrcode_6,0,1776,114.903431,1
179.78,15.14,164.22
qrcode_6,0,478,30.830453,1
49.13,4.32,44.57
qrcode_6,0,258,16.597435,1
26.56,2.02,24.49
qrcode_6,0,248,15.900356,1
25.73,2.15,23.52
qrcode_6,0,2003,128.856231,1
202.98,17.43,184.84
qrcode_6,0,129,8.230674,1
13.82,1.28,12.50
qrcode_6,0,573,36.603362,1
58.08,4.66,53.25
qrcode_6,0,1374,89.839143,1
140.66,12.71,127.41
qrcode_6,0,2165,139.761683,1
218.48,18.57,199.45
qrcode_6,0,3,0.159173,1
1.23,0.20,1.01
qrcode_6,0,5,0.287879,1
1.45,0.16,1.26
qrcode_6,0,83,5.316162,1
9.18,0.77,8.39
qrcode_6,0,799,51.599343,1
81.32,6.41,74.63
qrcode_6,0,173,11.077035,1
18.29,1.41,16.79
qrcode_6,0,169,11.019627,1
18.35,1.92,16.40
qrcode_6,0,4515,289.714419,1
452.77,33.76,418.16
qrcode_6,0,735,47.979816,1
76.39,7.68,68.47
qrcode_6,0,3523,227.831681,1
355.43,29.26,325.54
qrcode_6,0,289,18.458419,1
29.73,2.21,27.48
qrcode_6,0,1216,78.458600,1
123.65,10.67,112.56
qrcode_6,0,16,0.995508,1
2.54,0.24,2.27
qrcode_6,0,441,28.189649,1
45.04,3.71,41.20
qrcode_6,0,84,5.324157,1
9.24,0.87,8.35
qrcode_6,0,271,17.273015,1
27.88,1.83,26.00
qrcode_6,0,113,7.262134,1
12.24,0.90,11.23
qrcode_6,0,358,23.375487,1
37.69,3.85,33.78
qrcode_6,0,1191,76.340817,1
120.96,10.36,110.14
qrcode_6,0,1096,70.193289,1
110.44,8.94,101.15
qrcode_6,0,88,5.630421,1
9.72,0.72,8.94
qrcode_6,0,561,35.831198,1
56.94,4.57,52.23
qrcode_6,0,877,56.335463,1
88.92,6.95,81.56
qrcode_6,0,484,30.940531,1
49.54,4.30,44.84
qrcode_6,0,421,26.862127,1
42.90,3.40,39.40
qrcode_6,0,732,46.995933,1
74.40,6.12,67.79
qrcode_6,0,506,32.801938,1
51.95,4.80,47.01
qrcode_6,0,2762,177.221098,1
278.51,22.62,254.95
qrcode_6,0,101,6.496115,1
11.05,1.06,9.95
qrcode_6,0,416,26.845856,1
42.78,3.60,39.10
qrcode_6,0,138,8.893287,1
14.84,1.31,13.50
qrcode_6,0,276,17.840672,1
28.67,2.72,25.86
qrcode_6,0,1071,69.469413,1
109.05,9.14,99.55
qrcode_6,0,457,29.277936,1
46.77,3.80,42.70
qrcode_6,0,283,18.261948,1
29.38,2.65,26.59
qrcode_6,0,69,4.427103,1
7.91,0.69,7.18
qrcode_6,0,930,59.869769,1
94.84,8.55,85.90
qrcode_6,0,596,38.093336,1
60.47,5.11,55.23
qrcode_6,0,616,39.817353,1
63.23,5.52,57.50
qrcode_6,0,929,60.846668,1
96.60,9.59,86.74
qrcode_6,0,1131,72.962913,1
114.61,9.49,104.83
qrcode_6,0,104,6.756383,1
11.57,1.11,10.41
qrcode_6,0,3063,195.604562,1
307.12,23.94,282.00
qrcode_6,0,246,15.729339,1
25.52,2.17,23.30
qrcode_6,0,140,8.909056,1
14.88,1.35,13.50
qrcode_6,0,127,8.331437,1
14.12,1.64,12.39
qrcode_6,0,819,52.438085,1
82.82,6.86,75.72
qrcode_6,0,275,17.806179,1
28.65,2.74,25.80
qrcode_6,0,1049,67.492421,1
106.66,8.99,97.38
qrcode_6,0,701,45.903046,1
72.99,7.55,65.20
qrcode_6,0,1023,66.197593,1
103.95,8.66,94.99
qrcode_6,0,445,28.821948,1
45.99,4.13,41.58
qrcode_6,0,516,33.498092,1
53.11,4.60,48.35
qrcode_6,0,184,11.770040,1
19.40,1.36,17.90
qrcode_6,0,152,9.753734,1
16.20,1.46,14.64
qrcode_6,0,327,20.905125,1
33.53,3.05,30.41
qrcode_6,0,450,29.019063,1
46.11,3.96,42.05
qrcode_6,0,977,62.400387,1
97.40,6.58,90.59
qrcode_6,0,521,33.295120,1
52.99,3.76,49.13
qrcode_6,0,1958,126.691749,1
198.70,16.41,181.08
qrcode_6,0,23,1.438919,1
3.17,0.30,2.86
qrcode_6,0,1154,73.932415,1
116.81,9.09,107.49
qrcode_6,0,654,42.392696,1
66.80,5.55,61.02
qrcode_6,0,1415,90.990552,1
142.99,11.07,131.33
qrcode_6,0,419,27.123336,1
43.16,3.75,39.27
qrcode_6,0,1720,110.165317,1
173.03,13.79,158.58
qrcode_6,0,224,14.436314,1
23.41,2.24,21.12
qrcode_6,0,978,62.548536,1
98.59,7.63,90.76
qrcode_6,0,232,15.118454,1
24.72,2.68,21.98
qrcode_6,0,237,15.131347,1
24.64,2.15,22.45
qrcode_6,0,1515,97.274939,1
153.61,12.69,140.42
qrcode_6,0,1201,76.971902,1
121.01,9.02,111.65
qrcode_6,0,132,8.497638,1
14.24,1.18,12.99
qrcode_6,0,847,54.818162,1
86.15,7.14,78.80
qrcode_6,0,678,43.926652,1
69.31,5.61,63.37
qrcode_6,0,1660,105.887164,1
166.58,12.92,153.10
qrcode_6,0,1292,83.035185,1
131.19,10.51,120.21
qrcode_6,0,174,11.350190,1
18.77,1.96,16.78
qrcode_6,0,737,47.179834,1
74.62,5.99,68.34
qrcode_6,0,844,54.270617,1
85.92,7.63,78.07
qrcode_6,0,62,3.977280,1
7.13,0.82,6.27
qrcode_6,0,388,25.421448,1
41.08,4.18,36.63
qrcode_6,0,347,22.313579,1
35.85,3.13,32.66
qrcode_6,0,511,33.105142,1
52.35,4.62,47.55
qrcode_6,0,1146,74.739037,1
118.70,12.23,106.24
qrcode_6,0,383,24.495361,1
39.16,3.35,35.74
qrcode_6,0,342,22.013398,1
35.23,3.30,31.87
qrcode_6,0,2431,156.973356,1
245.20,20.70,224.01
qrcode_6,0,1145,73.107800,1
115.47,9.40,105.54
qrcode_6,0,451,29.153628,1
46.28,4.02,42.18
qrcode_6,0,992,64.236026,1
100.86,8.72,91.77
qrcode_6,0,207,13.179600,1
21.55,1.82,19.67
qrcode_6,0,1083,71.068474,1
113.08,11.33,101.06
qrcode_6,0,1367,88.360569,1
138.53,11.88,126.11
qrcode_6,0,446,28.457387,1
45.36,3.86,41.41
qrcode_6,0,1232,79.195189,1
124.49,10.06,114.19
qrcode_6,0,2019,130.427163,1
204.14,17.10,186.39
qrcode_6,0,785,51.379675,1
81.75,8.51,72.98
qrcode_6,0,1985,127.219523,1
199.56,15.56,183.30
qrcode_6,0,944,60.538695,1
95.69,7.76,87.64
qrcode_6,0,779,49.922636,1
78.76,6.04,72.49
qrcode_6,0,417,26.621925,1
42.49,3.39,38.98
qrcode_6,0,1125,73.467501,1
116.32,11.08,105.02
qrcode_6,0,37,2.382784,1
4.67,0.58,4.07
qrcode_6,0,1421,91.068817,1
143.79,11.66,131.89
qrcode_6,0,692,44.217218,1
69.98,5.64,64.20
qrcode_6,0,414,26.732585,1
42.51,3.70,38.73
qrcode_6,0,172,11.069788,1
18.34,1.72,16.47
qrcode_6,0,516,33.213948,1
52.97,4.94,47.82
qrcode_6,0,177,11.341086,1
18.73,1.49,17.11
qrcode_6,0,1565,101.096473,1
158.13,13.77,144.04
qrcode_6,0,548,35.452625,1
56.15,5.23,50.76
qrcode_6,0,46,2.941891,1
5.60,0.48,5.11
qrcode_6,0,241,15.542375,1
25.13,2.57,22.47
qrcode_6,0,4422,285.848601,1
446.30,35.91,408.97
qrcode_6,0,2325,150.057658,1
234.77,19.55,214.55
qrcode_6,0,117,7.440085,1
12.66,1.15,11.45
qrcode_6,0,353,22.697988,1
36.34,2.89,33.38
qrcode_6,0,307,19.791022,1
31.91,2.64,29.11
qrcode_6,0,619,39.586321,1
62.79,4.87,57.68
qrcode_6,0,910,58.112128,1
91.84,6.95,84.58
qrcode_6,0,21,1.313524,1
3.00,0.30,2.67
qrcode_6,0,169,10.801621,1
17.96,1.44,16.34
qrcode_6,0,630,40.188372,1
63.68,5.33,58.22
qrcode_6,0,1474,94.114185,1
148.05,11.38,136.28
qrcode_6,0,206,13.240378,1
21.61,1.74,19.73
qrcode_6,0,679,43.987166,1
69.49,5.71,63.41
qrcode_6,0,1330,85.673997,1
134.51,10.81,123.34
qrcode_6,0,897,57.901147,1
91.54,7.61,83.67
qrcode_6,0,412,26.566853,1
42.40,3.52,38.79
qrcode_6,0,1127,73.921219,1
117.38,11.34,105.23
qrcode_6,0,307,19.888342,1
32.17,2.80,29.04
qrcode_6,0,49,3.092034,1
5.76,0.46,5.27
qrcode_6,0,130,8.376378,1
13.99,1.22,12.72
qrcode_6,0,986,63.505509,1
100.06,8.16,91.60
qrcode_6,0,341,22.037492,1
35.23,3.28,31.86
qrcode_6,0,323,20.719640,1
33.26,2.52,30.64
qrcode_6,0,521,33.412437,1
53.54,4.44,48.77
qrcode_6,0,454,28.976043,1
46.18,3.56,42.49
qrcode_6,0,667,43.600525,1
69.76,7.57,61.89
qrcode_6,0,32,2.061807,1
4.17,0.47,3.66
qrcode_6,0,518,33.322182,1
52.94,4.58,48.26
qrcode_6,0,562,35.906257,1
57.20,4.64,52.25
qrcode_6,0,1263,81.711966,1
128.01,10.49,117.27
qrcode_6,0,2859,186.506348,1
294.16,29.21,264.21
qrcode_6,0,601,39.024681,1
61.56,4.99,56.47
qrcode_6,0,288,18.417554,1
29.68,2.38,27.24
qrcode_6,0,77,4.955129,1
8.68,0.91,7.75
qrcode_6,0,995,64.896170,1
103.15,10.75,91.97
qrcode_6,0,63,3.995904,1
7.21,0.68,6.51
qrcode_6,0,228,14.881610,1
24.48,2.63,21.76
qrcode_6,0,69,4.488514,1
7.97,0.83,7.12
qrcode_6,0,257,16.376754,1
26.49,2.14,24.28
qrcode_6,0,28,1.764060,1
3.65,0.26,3.38
qrcode_6,0,618,39.779397,1
63.45,4.95,58.31
qrcode_6,0,154,9.822698,1
16.24,1.16,15.04
qrcode_6,0,52,3.398738,1
6.33,0.67,5.60
qrcode_6,0,651,42.009508,1
66.43,6.22,60.00
qrcode_6,0,2073,133.306364,1
209.82,17.96,191.26
qrcode_6,0,1089,70.023113,1
110.22,8.84,101.16
qrcode_6,0,150,9.633017,1
16.10,1.50,14.54
qrcode_6,0,2072,132.936089,1
208.35,16.34,191.29
qrcode_6,0,222,14.201355,1
23.09,1.78,21.24
qrcode_6,0,277,17.755305,1
28.74,2.30,26.25
qrcode_6,0,1004,64.060396,1
101.02,8.06,92.79
qrcode_6,0,161,10.413371,1
17.17,1.49,15.57
qrcode_6,0,326,20.784121,1
33.39,2.73,30.60
qrcode_6,0,491,31.688891,1
50.23,4.23,45.91
qrcode_6,0,235,14.937927,1
24.37,1.85,22.44
qrcode_6,0,708,45.386221,1
71.81,5.97,65.68
qrcode_6,0,907,58.562979,1
92.18,7.70,84.21
qrcode_6,0,457,29.615508,1
46.92,3.99,42.84
qrcode_6,0,360,22.966611,1
36.77,3.52,33.17
qrcode_6,0,414,26.975737,1
43.43,4.60,38.75
qrcode_6,0,511,32.566406,1
51.87,3.74,48.01
qrcode_6,0,759,48.550102,1
76.90,6.29,70.22
qrcode_6,0,762,48.851251,1
77.62,6.49,70.90
qrcode_6,0,164,10.550035,1
17.35,1.47,15.83
qrcode_6,0,407,26.669147,1
43.24,4.45,38.33
qrcode_6,0,218,13.910807,1
22.64,1.84,20.75
qrcode_6,0,86,5.550486,1
9.56,1.01,8.51
qrcode_6,0,662,42.849905,1
67.67,6.02,61.41
qrcode_6,0,87,5.557802,1
9.67,0.85,8.72
qrcode_6,0,70,4.463970,1
7.94,0.70,7.21
qrcode_6,0,3100,203.362283,1
321.04,33.01,286.95
qrcode_6,0,593,38.276359,1
60.55,5.23,55.19
qrcode_6,0,170,11.041407,1
18.26,1.81,16.26
qrcode_6,0,315,20.299159,1
33.00,3.07,29.62
qrcode_6,0,1576,100.784909,1
158.72,12.59,145.51
qrcode_6,0,85,5.481377,1
9.50,0.64,8.78
qrcode_6,0,937,60.115261,1
94.76,7.23,87.34
qrcode_6,0,765,49.207852,1
78.00,6.94,70.88
qrcode_6,0,1453,92.739285,1
146.08,10.78,134.68
qrcode_6,0,826,54.141254,1
85.97,8.23,77.57
qrcode_6,0,1765,113.940179,1
178.26,14.46,163.30
qrcode_6,0,2033,129.855677,1
203.67,15.86,187.29
qrcode_6,0,2218,141.631584,1
222.06,17.16,204.50
qrcode_6,0,245,15.636441,1
25.48,1.80,23.45
qrcode_6,0,15,0.927155,1
2.40,0.18,2.20
qrcode_6,0,430,27.447947,1
43.37,3.02,40.27
qrcode_6,0,284,18.338365,1
29.67,2.77,26.77
qrcode_6,0,544,34.834821,1
55.53,4.82,50.61
qrcode_6,0,5287,345.741053,1
544.73,55.96,487.67
qrcode_6,0,17,1.080099,1
2.69,0.31,2.37
qrcode_6,0,450,28.893993,1
46.13,4.12,41.80
qrcode_6,0,128,8.375448,1
14.18,1.45,12.69
qrcode_6,0,1724,111.370200,1
175.38,14.56,159.94
qrcode_6,0,375,23.942701,1
38.34,3.08,35.18
qrcode_6,0,470,30.060095,1
47.84,3.54,44.20
qrcode_6,0,1621,103.742978,1
163.12,12.38,150.22
qrcode_6,0,177,11.508450,1
19.12,2.10,16.97
qrcode_6,0,860,55.309504,1
87.32,6.95,80.22
qrcode_6,0,116,7.369605,1
12.44,1.14,11.26
qrcode_6,0,659,42.004554,1
66.55,5.10,61.33
qrcode_6,0,643,41.903152,1
66.73,6.75,59.85
qrcode_6,0,942,60.261934,1
95.16,7.17,87.61
qrcode_6,0,208,13.213345,1
21.60,1.90,19.65
qrcode_6,0,483,30.769311,1
49.02,3.52,45.41
qrcode_6,0,1169,75.475215,1
118.58,9.93,108.43
qrcode_6,0,458,29.266114,1
46.61,4.01,42.51
qrcode_6,0,1369,88.045650,1
138.10,11.00,126.84
qrcode_6,0,1629,104.352210,1
164.02,13.15,150.46
qrcode_6,0,1334,85.258872,1
134.09,10.51,123.38
qrcode_6,0,164,10.547145,1
17.50,1.58,15.70
qrcode_6,0,2,0.086539,1
1.08,0.21,0.85
qrcode_6,0,497,32.116577,1
51.08,4.29,46.61
qrcode_6,0,334,21.236143,1
34.12,2.94,31.12
qrcode_6,0,268,17.092059,1
27.69,2.03,25.59
qrcode_6,0,873,55.855565,1
88.59,7.42,80.67
qrcode_6,0,803,51.935081,1
81.69,6.95,74.58
qrcode_6,0,2034,133.136780,1
210.35,22.36,187.59
qrcode_6,0,214,14.015537,1
22.88,2.55,20.20
qrcode_6,0,303,19.480567,1
31.47,2.72,28.62
qrcode_6,0,358,23.402341,1
37.72,4.24,33.38
qrcode_6,0,374,24.445568,1
39.49,4.24,35.00
qrcode_6,0,627,40.082760,1
63.64,5.08,58.38
qrcode_6,0,201,12.945444,1
21.28,1.89,19.24
qrcode_6,0,140,9.003995,1
14.94,1.45,13.46
qrcode_6,0,833,53.256246,1
84.22,6.73,77.19
qrcode_6,0,82,5.265529,1
9.14,0.82,8.30
qrcode_6,0,123,7.894727,1
13.22,1.15,12.05
qrcode_6,0,210,13.690076,1
22.54,2.47,19.97
qrcode_6,0,300,19.151129,1
30.99,2.24,28.59
qrcode_6,0,215,13.953704,1
22.74,2.00,20.57
qrcode_6,0,193,12.342164,1
20.29,1.73,18.48
qrcode_6,0,732,46.790234,1
74.02,6.10,67.80
qrcode_6,0,640,40.921627,1
65.04,5.05,59.66
qrcode_6,0,60,3.801341,1
6.91,0.67,6.22
qrcode_6,0,1342,87.556548,1
138.60,13.63,124.69
qrcode_6,0,1349,88.055789,1
139.19,14.00,124.92
qrcode_6,0,139,9.066431,1
15.20,1.62,13.53
qrcode_6,0,121,7.681097,1
13.04,0.92,12.05
qrcode_6,0,2362,151.471800,1
238.43,19.73,218.19
qrcode_6,0,106,6.779457,1
11.59,0.96,10.56
qrcode_6,0,1039,66.505530,1
104.96,8.06,96.55
qrcode_6,0,2844,181.860907,1
285.13,22.91,261.69
qrcode_6,0,454,28.963426,1
45.70,3.05,42.56
qrcode_6,0,621,39.659759,1
62.93,4.90,57.92
qrcode_6,0,320,20.365667,1
32.84,2.84,29.90
qrcode_6,0,423,26.991021,1
43.28,3.81,39.27
qrcode_6,0,65,4.128233,1
7.39,0.50,6.86
qrcode_6,0,171,11.110783,1
18.50,2.00,16.44
qrcode_6,0,204,13.057689,1
21.43,1.82,19.56
qrcode_6,0,1000,64.270607,1
101.64,8.51,92.91
qrcode_6,0,381,24.367913,1
39.07,3.04,35.87
qrcode_6,0,228,14.541019,1
23.67,1.93,21.70
qrcode_6,0,604,38.585990,1
61.46,4.58,56.49
qrcode_6,0,301,19.428286,1
31.23,2.78,28.34
qrcode_6,0,2279,146.619878,1
230.46,19.31,210.72
qrcode_6,0,47,3.056568,1
5.70,0.58,5.06
qrcode_6,0,205,13.120682,1
21.52,1.65,19.72
qrcode_6,0,104,6.633717,1
11.40,1.10,10.27
qrcode_6,0,931,60.092002,1
94.51,7.67,86.66
qrcode_6,0,2572,164.389884,1
257.54,19.28,237.73
qrcode_6,0,3,0.155054,1
1.17,0.23,0.93
qrcode_6,0,78,4.982922,1
8.75,0.77,7.95
qrcode_6,0,319,20.401805,1
32.74,2.41,30.25
qrcode_6,0,634,40.768575,1
64.79,5.44,59.22
qrcode_6,0,273,17.792884,1
28.96,2.96,25.94
qrcode_6,0,1895,122.793601,1
191.61,15.43,175.65
qrcode_6,0,1181,76.415239,1
119.97,9.75,109.82
qrcode_6,0,40,2.543120,1
4.92,0.47,4.42
qrcode_6,0,2155,138.092107,1
217.15,16.38,199.73
qrcode_6,0,3,0.154748,1
1.17,0.25,0.91
qrcode_6,0,312,19.960565,1
32.19,2.72,29.40
qrcode_6,0,289,18.625008,1
30.08,2.68,27.24
qrcode_6,0,592,37.898459,1
60.36,5.45,54.54
qrcode_6,0,417,26.636416,1
42.54,3.41,39.01
qrcode_6,0,1323,85.015574,1
134.00,11.88,121.82
qrcode_6,0,229,14.581825,1
23.72,1.97,21.69
qrcode_6,0,677,43.752314,1
69.11,5.45,63.36
qrcode_6,0,334,21.277368,1
34.18,2.74,31.37
qrcode_6,0,21,1.331138,1
3.02,0.27,2.74
qrcode_6,0,902,58.048383,1
92.00,7.99,83.49
